2 20 20 
8
0 -1 0 1 1 2 -1
1 0 1 1 3 4 -1
2 0 1 1 5 6 -1
3 1 2 0 7 8 -1
4 1 2 1 9 10 -1
5 2 2 0 11 12 -1
6 2 2 1 13 14 -1
7 3 3 0 15 16 -1
8 3 3 1 17 18 -1
9 4 3 1 19 20 -1
10 4 3 0 21 22 -1
11 5 3 0 23 24 -1
12 5 3 0 25 26 -1
13 6 3 1 27 28 -1
14 6 3 0 29 30 -1
15 7 4 0 31 32 -1
16 7 4 0 33 34 -1
17 8 4 1 35 36 -1
18 8 4 1 37 38 -1
19 9 4 1 39 40 -1
20 9 4 0 41 42 -1
21 10 4 1 43 44 -1
22 10 4 0 45 46 -1
23 11 4 1 47 48 -1
24 11 4 0 49 50 -1
25 12 4 0 51 52 -1
26 12 4 1 53 54 -1
27 13 4 1 55 56 -1
28 13 4 0 57 58 -1
29 14 4 1 59 60 -1
30 14 4 0 61 62 -1
31 15 5 0 63 64 -1
32 15 5 0 65 66 -1
33 16 5 0 67 68 -1
34 16 5 0 69 70 -1
35 17 5 0 71 72 -1
36 17 5 0 73 74 -1
37 18 5 0 75 76 -1
38 18 5 0 77 78 -1
39 19 5 1 79 80 -1
40 19 5 1 81 82 -1
41 20 5 1 83 84 -1
42 20 5 0 85 86 -1
43 21 5 0 87 88 -1
44 21 5 0 89 90 -1
45 22 5 0 91 92 -1
46 22 5 0 93 94 -1
47 23 5 0 95 96 -1
48 23 5 0 97 98 -1
49 24 5 0 99 100 -1
50 24 5 0 101 102 -1
51 25 5 0 103 104 -1
52 25 5 0 105 106 -1
53 26 5 0 107 108 -1
54 26 5 0 109 110 -1
55 27 5 0 111 112 -1
56 27 5 0 113 114 -1
57 28 5 0 115 116 -1
58 28 5 0 117 118 -1
59 29 5 0 119 120 -1
60 29 5 0 121 122 -1
61 30 5 0 123 124 -1
62 30 5 0 125 126 -1
63 31 6 1 127 128 -1
64 31 6 0 129 130 -1
65 32 6 0 131 132 -1
66 32 6 0 133 134 -1
67 33 6 0 135 136 -1
68 33 6 0 137 138 -1
69 34 6 0 139 140 -1
70 34 6 0 141 142 -1
71 35 6 0 143 144 -1
72 35 6 0 145 146 -1
73 36 6 0 147 148 -1
74 36 6 0 149 150 -1
75 37 6 0 151 152 -1
76 37 6 0 153 154 -1
77 38 6 0 155 156 -1
78 38 6 0 157 158 -1
79 39 6 0 159 160 -1
80 39 6 1 161 162 -1
81 40 6 0 163 164 -1
82 40 6 0 165 166 -1
83 41 6 0 167 168 -1
84 41 6 0 169 170 -1
85 42 6 0 171 172 -1
86 42 6 0 173 174 -1
87 43 6 0 175 176 -1
88 43 6 0 177 178 -1
89 44 6 1 179 180 -1
90 44 6 0 181 182 -1
91 45 6 0 183 184 -1
92 45 6 0 185 186 -1
93 46 6 0 187 188 -1
94 46 6 0 189 190 -1
95 47 6 0 191 192 -1
96 47 6 0 193 194 -1
97 48 6 0 195 196 -1
98 48 6 0 197 198 -1
99 49 6 0 199 200 -1
100 49 6 0 201 202 -1
101 50 6 0 203 204 -1
102 50 6 0 205 206 -1
103 51 6 0 207 208 -1
104 51 6 0 209 210 -1
105 52 6 0 211 212 -1
106 52 6 0 213 214 -1
107 53 6 0 215 216 -1
108 53 6 0 217 218 -1
109 54 6 0 219 220 -1
110 54 6 0 221 222 -1
111 55 6 0 223 224 -1
112 55 6 0 225 226 -1
113 56 6 0 227 228 -1
114 56 6 0 229 230 -1
115 57 6 0 231 232 -1
116 57 6 0 233 234 -1
117 58 6 0 235 236 -1
118 58 6 0 237 238 -1
119 59 6 0 239 240 -1
120 59 6 0 241 242 -1
121 60 6 0 243 244 -1
122 60 6 0 245 246 -1
123 61 6 0 247 248 -1
124 61 6 0 249 250 -1
125 62 6 0 251 252 -1
126 62 6 0 253 254 -1
127 63 7 1 255 256 -1
128 63 7 0 257 258 -1
129 64 7 0 259 260 -1
130 64 7 0 261 262 -1
131 65 7 0 263 264 -1
132 65 7 0 265 266 -1
133 66 7 0 267 268 -1
134 66 7 0 269 270 -1
135 67 7 0 271 272 -1
136 67 7 0 273 274 -1
137 68 7 0 275 276 -1
138 68 7 0 277 278 -1
139 69 7 0 279 280 -1
140 69 7 0 281 282 -1
141 70 7 0 283 284 -1
142 70 7 0 285 286 -1
143 71 7 0 287 288 -1
144 71 7 0 289 290 -1
145 72 7 0 291 292 -1
146 72 7 0 293 294 -1
147 73 7 0 295 296 -1
148 73 7 0 297 298 -1
149 74 7 0 299 300 -1
150 74 7 0 301 302 -1
151 75 7 0 303 304 -1
152 75 7 0 305 306 -1
153 76 7 0 307 308 -1
154 76 7 0 309 310 -1
155 77 7 0 311 312 -1
156 77 7 0 313 314 -1
157 78 7 0 315 316 -1
158 78 7 0 317 318 -1
159 79 7 0 319 320 -1
160 79 7 0 321 322 -1
161 80 7 0 323 324 -1
162 80 7 0 325 326 -1
163 81 7 0 327 328 -1
164 81 7 0 329 330 -1
165 82 7 1 331 332 -1
166 82 7 0 333 334 -1
167 83 7 1 335 336 -1
168 83 7 0 337 338 -1
169 84 7 1 339 340 -1
170 84 7 0 341 342 -1
171 85 7 0 343 344 -1
172 85 7 0 345 346 -1
173 86 7 0 347 348 -1
174 86 7 0 349 350 -1
175 87 7 0 351 352 -1
176 87 7 0 353 354 -1
177 88 7 0 355 356 -1
178 88 7 0 357 358 -1
179 89 7 0 359 360 -1
180 89 7 0 361 362 -1
181 90 7 0 363 364 -1
182 90 7 0 365 366 -1
183 91 7 0 367 368 -1
184 91 7 0 369 370 -1
185 92 7 0 371 372 -1
186 92 7 0 373 374 -1
187 93 7 0 375 376 -1
188 93 7 0 377 378 -1
189 94 7 0 379 380 -1
190 94 7 0 381 382 -1
191 95 7 0 383 384 -1
192 95 7 0 385 386 -1
193 96 7 0 387 388 -1
194 96 7 0 389 390 -1
195 97 7 0 391 392 -1
196 97 7 0 393 394 -1
197 98 7 0 395 396 -1
198 98 7 0 397 398 -1
199 99 7 0 399 400 -1
200 99 7 0 401 402 -1
201 100 7 0 403 404 -1
202 100 7 0 405 406 -1
203 101 7 0 407 408 -1
204 101 7 0 409 410 -1
205 102 7 0 411 412 -1
206 102 7 0 413 414 -1
207 103 7 0 415 416 -1
208 103 7 0 417 418 -1
209 104 7 0 419 420 -1
210 104 7 0 421 422 -1
211 105 7 0 423 424 -1
212 105 7 0 425 426 -1
213 106 7 0 427 428 -1
214 106 7 0 429 430 -1
215 107 7 0 431 432 -1
216 107 7 0 433 434 -1
217 108 7 0 435 436 -1
218 108 7 0 437 438 -1
219 109 7 0 439 440 -1
220 109 7 0 441 442 -1
221 110 7 0 443 444 -1
222 110 7 0 445 446 -1
223 111 7 0 447 448 -1
224 111 7 0 449 450 -1
225 112 7 0 451 452 -1
226 112 7 0 453 454 -1
227 113 7 0 455 456 -1
228 113 7 0 457 458 -1
229 114 7 0 459 460 -1
230 114 7 0 461 462 -1
231 115 7 0 463 464 -1
232 115 7 0 465 466 -1
233 116 7 0 467 468 -1
234 116 7 0 469 470 -1
235 117 7 0 471 472 -1
236 117 7 0 473 474 -1
237 118 7 0 475 476 -1
238 118 7 0 477 478 -1
239 119 7 0 479 480 -1
240 119 7 0 481 482 -1
241 120 7 0 483 484 -1
242 120 7 0 485 486 -1
243 121 7 0 487 488 -1
244 121 7 0 489 490 -1
245 122 7 0 491 492 -1
246 122 7 0 493 494 -1
247 123 7 0 495 496 -1
248 123 7 0 497 498 -1
249 124 7 0 499 500 -1
250 124 7 0 501 502 -1
251 125 7 0 503 504 -1
252 125 7 0 505 506 -1
253 126 7 0 507 508 -1
254 126 7 0 509 510 -1
255 127 8 1 511 512 -1
256 127 8 1 513 514 -1
257 128 8 0 -1 -1 515
258 128 8 1 -1 -1 516
259 129 8 0 517 518 -1
260 129 8 1 519 520 -1
261 130 8 0 521 522 -1
262 130 8 0 -1 -1 523
263 131 8 0 524 525 -1
264 131 8 0 526 527 -1
265 132 8 0 528 529 -1
266 132 8 1 530 531 -1
267 133 8 0 532 533 -1
268 133 8 1 534 535 -1
269 134 8 0 -1 -1 536
270 134 8 0 -1 -1 537
271 135 8 1 538 539 -1
272 135 8 1 540 541 -1
273 136 8 1 542 543 -1
274 136 8 0 544 545 -1
275 137 8 1 -1 -1 546
276 137 8 1 547 548 -1
277 138 8 1 549 550 -1
278 138 8 1 -1 -1 551
279 139 8 1 -1 -1 552
280 139 8 0 -1 -1 553
281 140 8 0 -1 -1 554
282 140 8 1 555 556 -1
283 141 8 0 -1 -1 557
284 141 8 1 558 559 -1
285 142 8 1 -1 -1 560
286 142 8 0 561 562 -1
287 143 8 1 563 564 -1
288 143 8 1 -1 -1 565
289 144 8 0 -1 -1 566
290 144 8 0 567 568 -1
291 145 8 1 569 570 -1
292 145 8 1 -1 -1 571
293 146 8 0 -1 -1 572
294 146 8 0 573 574 -1
295 147 8 0 575 576 -1
296 147 8 1 577 578 -1
297 148 8 1 579 580 -1
298 148 8 1 -1 -1 581
299 149 8 1 582 583 -1
300 149 8 1 -1 -1 584
301 150 8 0 -1 -1 585
302 150 8 0 586 587 -1
303 151 8 0 588 589 -1
304 151 8 0 -1 -1 590
305 152 8 1 591 592 -1
306 152 8 1 -1 -1 593
307 153 8 1 -1 -1 594
308 153 8 0 -1 -1 595
309 154 8 0 596 597 -1
310 154 8 1 -1 -1 598
311 155 8 0 -1 -1 599
312 155 8 0 600 601 -1
313 156 8 0 602 603 -1
314 156 8 0 604 605 -1
315 157 8 0 606 607 -1
316 157 8 1 608 609 -1
317 158 8 0 610 611 -1
318 158 8 1 -1 -1 612
319 159 8 0 613 614 -1
320 159 8 0 615 616 -1
321 160 8 0 617 618 -1
322 160 8 0 -1 -1 619
323 161 8 1 -1 -1 620
324 161 8 1 621 622 -1
325 162 8 1 623 624 -1
326 162 8 1 625 626 -1
327 163 8 1 627 628 -1
328 163 8 1 629 630 -1
329 164 8 0 631 632 -1
330 164 8 0 633 634 -1
331 165 8 0 -1 -1 635
332 165 8 0 -1 -1 636
333 166 8 0 -1 -1 637
334 166 8 1 -1 -1 638
335 167 8 1 -1 -1 639
336 167 8 1 -1 -1 640
337 168 8 0 641 642 -1
338 168 8 1 -1 -1 643
339 169 8 1 -1 -1 644
340 169 8 1 645 646 -1
341 170 8 0 -1 -1 647
342 170 8 0 -1 -1 648
343 171 8 1 -1 -1 649
344 171 8 0 -1 -1 650
345 172 8 1 651 652 -1
346 172 8 1 653 654 -1
347 173 8 1 -1 -1 655
348 173 8 1 656 657 -1
349 174 8 1 658 659 -1
350 174 8 0 -1 -1 660
351 175 8 1 661 662 -1
352 175 8 0 -1 -1 663
353 176 8 1 664 665 -1
354 176 8 1 -1 -1 666
355 177 8 0 -1 -1 667
356 177 8 0 -1 -1 668
357 178 8 0 669 670 -1
358 178 8 1 -1 -1 671
359 179 8 1 -1 -1 672
360 179 8 0 673 674 -1
361 180 8 1 675 676 -1
362 180 8 1 -1 -1 677
363 181 8 0 -1 -1 678
364 181 8 1 679 680 -1
365 182 8 0 681 682 -1
366 182 8 0 683 684 -1
367 183 8 1 -1 -1 685
368 183 8 0 686 687 -1
369 184 8 1 688 689 -1
370 184 8 1 -1 -1 690
371 185 8 1 691 692 -1
372 185 8 1 693 694 -1
373 186 8 1 -1 -1 695
374 186 8 0 696 697 -1
375 187 8 0 698 699 -1
376 187 8 1 -1 -1 700
377 188 8 1 701 702 -1
378 188 8 0 703 704 -1
379 189 8 0 -1 -1 705
380 189 8 1 706 707 -1
381 190 8 0 708 709 -1
382 190 8 0 -1 -1 710
383 191 8 0 711 712 -1
384 191 8 1 -1 -1 713
385 192 8 1 -1 -1 714
386 192 8 1 -1 -1 715
387 193 8 1 716 717 -1
388 193 8 0 -1 -1 718
389 194 8 0 -1 -1 719
390 194 8 0 720 721 -1
391 195 8 0 722 723 -1
392 195 8 0 -1 -1 724
393 196 8 1 -1 -1 725
394 196 8 0 726 727 -1
395 197 8 0 -1 -1 728
396 197 8 1 -1 -1 729
397 198 8 0 -1 -1 730
398 198 8 0 -1 -1 731
399 199 8 1 732 733 -1
400 199 8 1 -1 -1 734
401 200 8 0 -1 -1 735
402 200 8 1 -1 -1 736
403 201 8 1 737 738 -1
404 201 8 0 739 740 -1
405 202 8 0 741 742 -1
406 202 8 0 743 744 -1
407 203 8 0 745 746 -1
408 203 8 1 747 748 -1
409 204 8 0 749 750 -1
410 204 8 1 751 752 -1
411 205 8 0 753 754 -1
412 205 8 0 -1 -1 755
413 206 8 1 -1 -1 756
414 206 8 1 757 758 -1
415 207 8 1 759 760 -1
416 207 8 1 -1 -1 761
417 208 8 0 -1 -1 762
418 208 8 1 763 764 -1
419 209 8 0 -1 -1 765
420 209 8 1 -1 -1 766
421 210 8 1 -1 -1 767
422 210 8 1 -1 -1 768
423 211 8 1 -1 -1 769
424 211 8 0 -1 -1 770
425 212 8 0 -1 -1 771
426 212 8 1 772 773 -1
427 213 8 0 774 775 -1
428 213 8 0 776 777 -1
429 214 8 1 -1 -1 778
430 214 8 0 779 780 -1
431 215 8 1 -1 -1 781
432 215 8 1 782 783 -1
433 216 8 0 -1 -1 784
434 216 8 1 785 786 -1
435 217 8 0 787 788 -1
436 217 8 1 -1 -1 789
437 218 8 1 790 791 -1
438 218 8 1 -1 -1 792
439 219 8 1 793 794 -1
440 219 8 1 795 796 -1
441 220 8 1 -1 -1 797
442 220 8 0 798 799 -1
443 221 8 1 800 801 -1
444 221 8 1 802 803 -1
445 222 8 0 804 805 -1
446 222 8 1 -1 -1 806
447 223 8 1 -1 -1 807
448 223 8 1 808 809 -1
449 224 8 0 -1 -1 810
450 224 8 1 811 812 -1
451 225 8 0 813 814 -1
452 225 8 1 -1 -1 815
453 226 8 1 816 817 -1
454 226 8 1 818 819 -1
455 227 8 0 -1 -1 820
456 227 8 0 -1 -1 821
457 228 8 0 822 823 -1
458 228 8 1 -1 -1 824
459 229 8 1 -1 -1 825
460 229 8 1 -1 -1 826
461 230 8 1 827 828 -1
462 230 8 0 -1 -1 829
463 231 8 0 -1 -1 830
464 231 8 0 -1 -1 831
465 232 8 1 832 833 -1
466 232 8 0 -1 -1 834
467 233 8 0 835 836 -1
468 233 8 0 -1 -1 837
469 234 8 1 -1 -1 838
470 234 8 1 839 840 -1
471 235 8 0 841 842 -1
472 235 8 1 -1 -1 843
473 236 8 0 -1 -1 844
474 236 8 1 -1 -1 845
475 237 8 1 846 847 -1
476 237 8 0 -1 -1 848
477 238 8 0 849 850 -1
478 238 8 1 -1 -1 851
479 239 8 0 -1 -1 852
480 239 8 0 853 854 -1
481 240 8 1 855 856 -1
482 240 8 1 857 858 -1
483 241 8 1 -1 -1 859
484 241 8 0 -1 -1 860
485 242 8 1 861 862 -1
486 242 8 1 863 864 -1
487 243 8 0 865 866 -1
488 243 8 1 867 868 -1
489 244 8 0 869 870 -1
490 244 8 0 -1 -1 871
491 245 8 0 -1 -1 872
492 245 8 0 873 874 -1
493 246 8 1 -1 -1 875
494 246 8 0 -1 -1 876
495 247 8 1 877 878 -1
496 247 8 0 -1 -1 879
497 248 8 1 880 881 -1
498 248 8 1 -1 -1 882
499 249 8 1 -1 -1 883
500 249 8 1 884 885 -1
501 250 8 1 886 887 -1
502 250 8 0 888 889 -1
503 251 8 0 890 891 -1
504 251 8 0 892 893 -1
505 252 8 0 -1 -1 894
506 252 8 0 895 896 -1
507 253 8 1 -1 -1 897
508 253 8 0 898 899 -1
509 254 8 1 -1 -1 900
510 254 8 1 -1 -1 901
511 255 9 0 902 903 -1
512 255 9 0 904 905 -1
513 256 9 0 906 907 -1
514 256 9 0 908 909 -1
515 257 9 0 910 911 -1
516 258 9 0 912 913 -1
517 259 9 0 914 915 -1
518 259 9 0 916 917 -1
519 260 9 0 918 919 -1
520 260 9 0 920 921 -1
521 261 9 0 922 923 -1
522 261 9 1 924 925 -1
523 262 9 1 926 927 -1
524 263 9 0 928 929 -1
525 263 9 0 930 931 -1
526 264 9 0 932 933 -1
527 264 9 0 934 935 -1
528 265 9 0 936 937 -1
529 265 9 0 938 939 -1
530 266 9 0 940 941 -1
531 266 9 0 942 943 -1
532 267 9 0 944 945 -1
533 267 9 0 946 947 -1
534 268 9 0 948 949 -1
535 268 9 0 950 951 -1
536 269 9 0 952 953 -1
537 270 9 0 954 955 -1
538 271 9 0 956 957 -1
539 271 9 0 958 959 -1
540 272 9 0 960 961 -1
541 272 9 0 962 963 -1
542 273 9 0 964 965 -1
543 273 9 0 966 967 -1
544 274 9 0 968 969 -1
545 274 9 0 970 971 -1
546 275 9 0 972 973 -1
547 276 9 0 974 975 -1
548 276 9 0 976 977 -1
549 277 9 0 978 979 -1
550 277 9 0 980 981 -1
551 278 9 0 982 983 -1
552 279 9 0 984 985 -1
553 280 9 0 986 987 -1
554 281 9 0 988 989 -1
555 282 9 0 990 991 -1
556 282 9 0 992 993 -1
557 283 9 0 994 995 -1
558 284 9 0 996 997 -1
559 284 9 0 998 999 -1
560 285 9 0 1000 1001 -1
561 286 9 0 1002 1003 -1
562 286 9 0 1004 1005 -1
563 287 9 0 1006 1007 -1
564 287 9 0 1008 1009 -1
565 288 9 0 1010 1011 -1
566 289 9 0 1012 1013 -1
567 290 9 0 1014 1015 -1
568 290 9 0 1016 1017 -1
569 291 9 0 1018 1019 -1
570 291 9 0 1020 1021 -1
571 292 9 0 1022 1023 -1
572 293 9 0 1024 1025 -1
573 294 9 0 1026 1027 -1
574 294 9 0 1028 1029 -1
575 295 9 0 1030 1031 -1
576 295 9 0 1032 1033 -1
577 296 9 0 1034 1035 -1
578 296 9 0 1036 1037 -1
579 297 9 0 1038 1039 -1
580 297 9 0 1040 1041 -1
581 298 9 0 1042 1043 -1
582 299 9 0 1044 1045 -1
583 299 9 0 1046 1047 -1
584 300 9 0 1048 1049 -1
585 301 9 0 1050 1051 -1
586 302 9 0 1052 1053 -1
587 302 9 0 1054 1055 -1
588 303 9 0 1056 1057 -1
589 303 9 0 1058 1059 -1
590 304 9 0 1060 1061 -1
591 305 9 0 1062 1063 -1
592 305 9 0 1064 1065 -1
593 306 9 0 1066 1067 -1
594 307 9 0 1068 1069 -1
595 308 9 0 1070 1071 -1
596 309 9 0 1072 1073 -1
597 309 9 0 1074 1075 -1
598 310 9 0 1076 1077 -1
599 311 9 0 1078 1079 -1
600 312 9 0 1080 1081 -1
601 312 9 0 1082 1083 -1
602 313 9 0 1084 1085 -1
603 313 9 0 1086 1087 -1
604 314 9 0 1088 1089 -1
605 314 9 0 1090 1091 -1
606 315 9 0 1092 1093 -1
607 315 9 0 1094 1095 -1
608 316 9 0 1096 1097 -1
609 316 9 0 1098 1099 -1
610 317 9 0 1100 1101 -1
611 317 9 0 1102 1103 -1
612 318 9 0 1104 1105 -1
613 319 9 0 1106 1107 -1
614 319 9 0 1108 1109 -1
615 320 9 0 1110 1111 -1
616 320 9 0 1112 1113 -1
617 321 9 0 1114 1115 -1
618 321 9 0 1116 1117 -1
619 322 9 0 1118 1119 -1
620 323 9 0 1120 1121 -1
621 324 9 0 1122 1123 -1
622 324 9 0 1124 1125 -1
623 325 9 0 1126 1127 -1
624 325 9 0 1128 1129 -1
625 326 9 0 1130 1131 -1
626 326 9 0 1132 1133 -1
627 327 9 0 1134 1135 -1
628 327 9 0 1136 1137 -1
629 328 9 0 1138 1139 -1
630 328 9 0 1140 1141 -1
631 329 9 0 1142 1143 -1
632 329 9 0 1144 1145 -1
633 330 9 0 1146 1147 -1
634 330 9 0 1148 1149 -1
635 331 9 0 1150 1151 -1
636 332 9 1 1152 1153 -1
637 333 9 0 1154 1155 -1
638 334 9 0 1156 1157 -1
639 335 9 1 1158 1159 -1
640 336 9 0 1160 1161 -1
641 337 9 0 1162 1163 -1
642 337 9 0 1164 1165 -1
643 338 9 0 1166 1167 -1
644 339 9 1 1168 1169 -1
645 340 9 0 1170 1171 -1
646 340 9 0 1172 1173 -1
647 341 9 0 1174 1175 -1
648 342 9 0 1176 1177 -1
649 343 9 0 1178 1179 -1
650 344 9 0 1180 1181 -1
651 345 9 0 1182 1183 -1
652 345 9 0 1184 1185 -1
653 346 9 0 1186 1187 -1
654 346 9 0 1188 1189 -1
655 347 9 0 1190 1191 -1
656 348 9 0 1192 1193 -1
657 348 9 0 1194 1195 -1
658 349 9 0 1196 1197 -1
659 349 9 0 1198 1199 -1
660 350 9 0 1200 1201 -1
661 351 9 0 1202 1203 -1
662 351 9 0 1204 1205 -1
663 352 9 0 1206 1207 -1
664 353 9 0 1208 1209 -1
665 353 9 0 1210 1211 -1
666 354 9 0 1212 1213 -1
667 355 9 0 1214 1215 -1
668 356 9 0 1216 1217 -1
669 357 9 0 1218 1219 -1
670 357 9 0 1220 1221 -1
671 358 9 0 1222 1223 -1
672 359 9 0 1224 1225 -1
673 360 9 0 1226 1227 -1
674 360 9 0 1228 1229 -1
675 361 9 0 1230 1231 -1
676 361 9 0 1232 1233 -1
677 362 9 0 1234 1235 -1
678 363 9 0 1236 1237 -1
679 364 9 0 1238 1239 -1
680 364 9 0 1240 1241 -1
681 365 9 0 1242 1243 -1
682 365 9 0 1244 1245 -1
683 366 9 0 1246 1247 -1
684 366 9 0 1248 1249 -1
685 367 9 0 1250 1251 -1
686 368 9 0 1252 1253 -1
687 368 9 0 1254 1255 -1
688 369 9 0 1256 1257 -1
689 369 9 0 1258 1259 -1
690 370 9 0 1260 1261 -1
691 371 9 0 1262 1263 -1
692 371 9 0 1264 1265 -1
693 372 9 0 1266 1267 -1
694 372 9 0 1268 1269 -1
695 373 9 0 1270 1271 -1
696 374 9 0 1272 1273 -1
697 374 9 0 1274 1275 -1
698 375 9 0 1276 1277 -1
699 375 9 0 1278 1279 -1
700 376 9 0 1280 1281 -1
701 377 9 0 1282 1283 -1
702 377 9 0 1284 1285 -1
703 378 9 0 1286 1287 -1
704 378 9 0 1288 1289 -1
705 379 9 0 1290 1291 -1
706 380 9 0 1292 1293 -1
707 380 9 0 1294 1295 -1
708 381 9 0 1296 1297 -1
709 381 9 0 1298 1299 -1
710 382 9 0 1300 1301 -1
711 383 9 0 1302 1303 -1
712 383 9 0 1304 1305 -1
713 384 9 0 1306 1307 -1
714 385 9 0 1308 1309 -1
715 386 9 0 1310 1311 -1
716 387 9 0 1312 1313 -1
717 387 9 0 1314 1315 -1
718 388 9 0 1316 1317 -1
719 389 9 0 1318 1319 -1
720 390 9 0 1320 1321 -1
721 390 9 0 1322 1323 -1
722 391 9 0 1324 1325 -1
723 391 9 0 1326 1327 -1
724 392 9 0 1328 1329 -1
725 393 9 0 1330 1331 -1
726 394 9 0 1332 1333 -1
727 394 9 0 1334 1335 -1
728 395 9 0 1336 1337 -1
729 396 9 0 1338 1339 -1
730 397 9 0 1340 1341 -1
731 398 9 0 1342 1343 -1
732 399 9 0 1344 1345 -1
733 399 9 0 1346 1347 -1
734 400 9 0 1348 1349 -1
735 401 9 0 1350 1351 -1
736 402 9 0 1352 1353 -1
737 403 9 0 1354 1355 -1
738 403 9 0 1356 1357 -1
739 404 9 0 1358 1359 -1
740 404 9 0 1360 1361 -1
741 405 9 0 1362 1363 -1
742 405 9 0 1364 1365 -1
743 406 9 0 1366 1367 -1
744 406 9 0 1368 1369 -1
745 407 9 0 1370 1371 -1
746 407 9 0 1372 1373 -1
747 408 9 0 1374 1375 -1
748 408 9 0 1376 1377 -1
749 409 9 0 1378 1379 -1
750 409 9 0 1380 1381 -1
751 410 9 0 1382 1383 -1
752 410 9 0 1384 1385 -1
753 411 9 0 1386 1387 -1
754 411 9 0 1388 1389 -1
755 412 9 0 1390 1391 -1
756 413 9 0 1392 1393 -1
757 414 9 0 1394 1395 -1
758 414 9 0 1396 1397 -1
759 415 9 0 1398 1399 -1
760 415 9 0 1400 1401 -1
761 416 9 0 1402 1403 -1
762 417 9 0 1404 1405 -1
763 418 9 0 1406 1407 -1
764 418 9 0 1408 1409 -1
765 419 9 0 1410 1411 -1
766 420 9 0 1412 1413 -1
767 421 9 0 1414 1415 -1
768 422 9 0 1416 1417 -1
769 423 9 0 1418 1419 -1
770 424 9 0 1420 1421 -1
771 425 9 0 1422 1423 -1
772 426 9 0 1424 1425 -1
773 426 9 0 1426 1427 -1
774 427 9 0 1428 1429 -1
775 427 9 0 1430 1431 -1
776 428 9 0 1432 1433 -1
777 428 9 0 1434 1435 -1
778 429 9 0 1436 1437 -1
779 430 9 0 1438 1439 -1
780 430 9 0 1440 1441 -1
781 431 9 0 1442 1443 -1
782 432 9 0 1444 1445 -1
783 432 9 0 1446 1447 -1
784 433 9 0 1448 1449 -1
785 434 9 0 1450 1451 -1
786 434 9 0 1452 1453 -1
787 435 9 0 1454 1455 -1
788 435 9 0 1456 1457 -1
789 436 9 0 1458 1459 -1
790 437 9 0 1460 1461 -1
791 437 9 0 1462 1463 -1
792 438 9 0 1464 1465 -1
793 439 9 0 1466 1467 -1
794 439 9 0 1468 1469 -1
795 440 9 0 1470 1471 -1
796 440 9 0 1472 1473 -1
797 441 9 0 1474 1475 -1
798 442 9 0 1476 1477 -1
799 442 9 0 1478 1479 -1
800 443 9 0 1480 1481 -1
801 443 9 0 1482 1483 -1
802 444 9 0 1484 1485 -1
803 444 9 0 1486 1487 -1
804 445 9 0 1488 1489 -1
805 445 9 0 1490 1491 -1
806 446 9 0 1492 1493 -1
807 447 9 0 1494 1495 -1
808 448 9 0 1496 1497 -1
809 448 9 0 1498 1499 -1
810 449 9 0 1500 1501 -1
811 450 9 0 1502 1503 -1
812 450 9 0 1504 1505 -1
813 451 9 0 1506 1507 -1
814 451 9 0 1508 1509 -1
815 452 9 0 1510 1511 -1
816 453 9 0 1512 1513 -1
817 453 9 0 1514 1515 -1
818 454 9 0 1516 1517 -1
819 454 9 0 1518 1519 -1
820 455 9 0 1520 1521 -1
821 456 9 0 1522 1523 -1
822 457 9 0 1524 1525 -1
823 457 9 0 1526 1527 -1
824 458 9 0 1528 1529 -1
825 459 9 0 1530 1531 -1
826 460 9 0 1532 1533 -1
827 461 9 0 1534 1535 -1
828 461 9 0 1536 1537 -1
829 462 9 0 1538 1539 -1
830 463 9 0 1540 1541 -1
831 464 9 0 1542 1543 -1
832 465 9 0 1544 1545 -1
833 465 9 0 1546 1547 -1
834 466 9 0 1548 1549 -1
835 467 9 0 1550 1551 -1
836 467 9 0 1552 1553 -1
837 468 9 0 1554 1555 -1
838 469 9 0 1556 1557 -1
839 470 9 0 1558 1559 -1
840 470 9 0 1560 1561 -1
841 471 9 0 1562 1563 -1
842 471 9 0 1564 1565 -1
843 472 9 0 1566 1567 -1
844 473 9 0 1568 1569 -1
845 474 9 0 1570 1571 -1
846 475 9 0 1572 1573 -1
847 475 9 0 1574 1575 -1
848 476 9 0 1576 1577 -1
849 477 9 0 1578 1579 -1
850 477 9 0 1580 1581 -1
851 478 9 0 1582 1583 -1
852 479 9 0 1584 1585 -1
853 480 9 0 1586 1587 -1
854 480 9 0 1588 1589 -1
855 481 9 0 1590 1591 -1
856 481 9 0 1592 1593 -1
857 482 9 0 1594 1595 -1
858 482 9 0 1596 1597 -1
859 483 9 0 1598 1599 -1
860 484 9 0 1600 1601 -1
861 485 9 0 1602 1603 -1
862 485 9 0 1604 1605 -1
863 486 9 0 1606 1607 -1
864 486 9 0 1608 1609 -1
865 487 9 0 1610 1611 -1
866 487 9 0 1612 1613 -1
867 488 9 0 1614 1615 -1
868 488 9 0 1616 1617 -1
869 489 9 0 1618 1619 -1
870 489 9 0 1620 1621 -1
871 490 9 0 1622 1623 -1
872 491 9 0 1624 1625 -1
873 492 9 0 1626 1627 -1
874 492 9 0 1628 1629 -1
875 493 9 0 1630 1631 -1
876 494 9 0 1632 1633 -1
877 495 9 0 1634 1635 -1
878 495 9 0 1636 1637 -1
879 496 9 0 1638 1639 -1
880 497 9 0 1640 1641 -1
881 497 9 0 1642 1643 -1
882 498 9 0 1644 1645 -1
883 499 9 0 1646 1647 -1
884 500 9 0 1648 1649 -1
885 500 9 0 1650 1651 -1
886 501 9 0 1652 1653 -1
887 501 9 0 1654 1655 -1
888 502 9 0 1656 1657 -1
889 502 9 0 1658 1659 -1
890 503 9 0 1660 1661 -1
891 503 9 0 1662 1663 -1
892 504 9 0 1664 1665 -1
893 504 9 0 1666 1667 -1
894 505 9 0 1668 1669 -1
895 506 9 0 1670 1671 -1
896 506 9 0 1672 1673 -1
897 507 9 0 1674 1675 -1
898 508 9 0 1676 1677 -1
899 508 9 0 1678 1679 -1
900 509 9 0 1680 1681 -1
901 510 9 0 1682 1683 -1
902 511 10 -1 -1 -1 -1
903 511 10 -1 -1 -1 -1
904 512 10 -1 -1 -1 -1
905 512 10 -1 -1 -1 -1
906 513 10 -1 -1 -1 -1
907 513 10 -1 -1 -1 -1
908 514 10 -1 -1 -1 -1
909 514 10 -1 -1 -1 -1
910 515 10 -1 -1 -1 -1
911 515 10 -1 -1 -1 -1
912 516 10 -1 -1 -1 -1
913 516 10 -1 -1 -1 -1
914 517 10 -1 -1 -1 -1
915 517 10 -1 -1 -1 -1
916 518 10 -1 -1 -1 -1
917 518 10 -1 -1 -1 -1
918 519 10 -1 -1 -1 -1
919 519 10 -1 -1 -1 -1
920 520 10 -1 -1 -1 -1
921 520 10 -1 -1 -1 -1
922 521 10 -1 -1 -1 -1
923 521 10 -1 -1 -1 -1
924 522 10 -1 -1 -1 -1
925 522 10 -1 -1 -1 -1
926 523 10 -1 -1 -1 -1
927 523 10 -1 -1 -1 -1
928 524 10 -1 -1 -1 -1
929 524 10 -1 -1 -1 -1
930 525 10 -1 -1 -1 -1
931 525 10 -1 -1 -1 -1
932 526 10 -1 -1 -1 -1
933 526 10 -1 -1 -1 -1
934 527 10 -1 -1 -1 -1
935 527 10 -1 -1 -1 -1
936 528 10 -1 -1 -1 -1
937 528 10 -1 -1 -1 -1
938 529 10 -1 -1 -1 -1
939 529 10 -1 -1 -1 -1
940 530 10 -1 -1 -1 -1
941 530 10 -1 -1 -1 -1
942 531 10 -1 -1 -1 -1
943 531 10 -1 -1 -1 -1
944 532 10 -1 -1 -1 -1
945 532 10 -1 -1 -1 -1
946 533 10 -1 -1 -1 -1
947 533 10 -1 -1 -1 -1
948 534 10 -1 -1 -1 -1
949 534 10 -1 -1 -1 -1
950 535 10 -1 -1 -1 -1
951 535 10 -1 -1 -1 -1
952 536 10 -1 -1 -1 -1
953 536 10 -1 -1 -1 -1
954 537 10 -1 -1 -1 -1
955 537 10 -1 -1 -1 -1
956 538 10 -1 -1 -1 -1
957 538 10 -1 -1 -1 -1
958 539 10 -1 -1 -1 -1
959 539 10 -1 -1 -1 -1
960 540 10 -1 -1 -1 -1
961 540 10 -1 -1 -1 -1
962 541 10 -1 -1 -1 -1
963 541 10 -1 -1 -1 -1
964 542 10 -1 -1 -1 -1
965 542 10 -1 -1 -1 -1
966 543 10 -1 -1 -1 -1
967 543 10 -1 -1 -1 -1
968 544 10 -1 -1 -1 -1
969 544 10 -1 -1 -1 -1
970 545 10 -1 -1 -1 -1
971 545 10 -1 -1 -1 -1
972 546 10 -1 -1 -1 -1
973 546 10 -1 -1 -1 -1
974 547 10 -1 -1 -1 -1
975 547 10 -1 -1 -1 -1
976 548 10 -1 -1 -1 -1
977 548 10 -1 -1 -1 -1
978 549 10 -1 -1 -1 -1
979 549 10 -1 -1 -1 -1
980 550 10 -1 -1 -1 -1
981 550 10 -1 -1 -1 -1
982 551 10 -1 -1 -1 -1
983 551 10 -1 -1 -1 -1
984 552 10 -1 -1 -1 -1
985 552 10 -1 -1 -1 -1
986 553 10 -1 -1 -1 -1
987 553 10 -1 -1 -1 -1
988 554 10 -1 -1 -1 -1
989 554 10 -1 -1 -1 -1
990 555 10 -1 -1 -1 -1
991 555 10 -1 -1 -1 -1
992 556 10 -1 -1 -1 -1
993 556 10 -1 -1 -1 -1
994 557 10 -1 -1 -1 -1
995 557 10 -1 -1 -1 -1
996 558 10 -1 -1 -1 -1
997 558 10 -1 -1 -1 -1
998 559 10 -1 -1 -1 -1
999 559 10 -1 -1 -1 -1
1000 560 10 -1 -1 -1 -1
1001 560 10 -1 -1 -1 -1
1002 561 10 -1 -1 -1 -1
1003 561 10 -1 -1 -1 -1
1004 562 10 -1 -1 -1 -1
1005 562 10 -1 -1 -1 -1
1006 563 10 -1 -1 -1 -1
1007 563 10 -1 -1 -1 -1
1008 564 10 -1 -1 -1 -1
1009 564 10 -1 -1 -1 -1
1010 565 10 -1 -1 -1 -1
1011 565 10 -1 -1 -1 -1
1012 566 10 -1 -1 -1 -1
1013 566 10 -1 -1 -1 -1
1014 567 10 -1 -1 -1 -1
1015 567 10 -1 -1 -1 -1
1016 568 10 -1 -1 -1 -1
1017 568 10 -1 -1 -1 -1
1018 569 10 -1 -1 -1 -1
1019 569 10 -1 -1 -1 -1
1020 570 10 -1 -1 -1 -1
1021 570 10 -1 -1 -1 -1
1022 571 10 -1 -1 -1 -1
1023 571 10 -1 -1 -1 -1
1024 572 10 -1 -1 -1 -1
1025 572 10 -1 -1 -1 -1
1026 573 10 -1 -1 -1 -1
1027 573 10 -1 -1 -1 -1
1028 574 10 -1 -1 -1 -1
1029 574 10 -1 -1 -1 -1
1030 575 10 -1 -1 -1 -1
1031 575 10 -1 -1 -1 -1
1032 576 10 -1 -1 -1 -1
1033 576 10 -1 -1 -1 -1
1034 577 10 -1 -1 -1 -1
1035 577 10 -1 -1 -1 -1
1036 578 10 -1 -1 -1 -1
1037 578 10 -1 -1 -1 -1
1038 579 10 -1 -1 -1 -1
1039 579 10 -1 -1 -1 -1
1040 580 10 -1 -1 -1 -1
1041 580 10 -1 -1 -1 -1
1042 581 10 -1 -1 -1 -1
1043 581 10 -1 -1 -1 -1
1044 582 10 -1 -1 -1 -1
1045 582 10 -1 -1 -1 -1
1046 583 10 -1 -1 -1 -1
1047 583 10 -1 -1 -1 -1
1048 584 10 -1 -1 -1 -1
1049 584 10 -1 -1 -1 -1
1050 585 10 -1 -1 -1 -1
1051 585 10 -1 -1 -1 -1
1052 586 10 -1 -1 -1 -1
1053 586 10 -1 -1 -1 -1
1054 587 10 -1 -1 -1 -1
1055 587 10 -1 -1 -1 -1
1056 588 10 -1 -1 -1 -1
1057 588 10 -1 -1 -1 -1
1058 589 10 -1 -1 -1 -1
1059 589 10 -1 -1 -1 -1
1060 590 10 -1 -1 -1 -1
1061 590 10 -1 -1 -1 -1
1062 591 10 -1 -1 -1 -1
1063 591 10 -1 -1 -1 -1
1064 592 10 -1 -1 -1 -1
1065 592 10 -1 -1 -1 -1
1066 593 10 -1 -1 -1 -1
1067 593 10 -1 -1 -1 -1
1068 594 10 -1 -1 -1 -1
1069 594 10 -1 -1 -1 -1
1070 595 10 -1 -1 -1 -1
1071 595 10 -1 -1 -1 -1
1072 596 10 -1 -1 -1 -1
1073 596 10 -1 -1 -1 -1
1074 597 10 -1 -1 -1 -1
1075 597 10 -1 -1 -1 -1
1076 598 10 -1 -1 -1 -1
1077 598 10 -1 -1 -1 -1
1078 599 10 -1 -1 -1 -1
1079 599 10 -1 -1 -1 -1
1080 600 10 -1 -1 -1 -1
1081 600 10 -1 -1 -1 -1
1082 601 10 -1 -1 -1 -1
1083 601 10 -1 -1 -1 -1
1084 602 10 -1 -1 -1 -1
1085 602 10 -1 -1 -1 -1
1086 603 10 -1 -1 -1 -1
1087 603 10 -1 -1 -1 -1
1088 604 10 -1 -1 -1 -1
1089 604 10 -1 -1 -1 -1
1090 605 10 -1 -1 -1 -1
1091 605 10 -1 -1 -1 -1
1092 606 10 -1 -1 -1 -1
1093 606 10 -1 -1 -1 -1
1094 607 10 -1 -1 -1 -1
1095 607 10 -1 -1 -1 -1
1096 608 10 -1 -1 -1 -1
1097 608 10 -1 -1 -1 -1
1098 609 10 -1 -1 -1 -1
1099 609 10 -1 -1 -1 -1
1100 610 10 -1 -1 -1 -1
1101 610 10 -1 -1 -1 -1
1102 611 10 -1 -1 -1 -1
1103 611 10 -1 -1 -1 -1
1104 612 10 -1 -1 -1 -1
1105 612 10 -1 -1 -1 -1
1106 613 10 -1 -1 -1 -1
1107 613 10 -1 -1 -1 -1
1108 614 10 -1 -1 -1 -1
1109 614 10 -1 -1 -1 -1
1110 615 10 -1 -1 -1 -1
1111 615 10 -1 -1 -1 -1
1112 616 10 -1 -1 -1 -1
1113 616 10 -1 -1 -1 -1
1114 617 10 -1 -1 -1 -1
1115 617 10 -1 -1 -1 -1
1116 618 10 -1 -1 -1 -1
1117 618 10 -1 -1 -1 -1
1118 619 10 -1 -1 -1 -1
1119 619 10 -1 -1 -1 -1
1120 620 10 -1 -1 -1 -1
1121 620 10 -1 -1 -1 -1
1122 621 10 -1 -1 -1 -1
1123 621 10 -1 -1 -1 -1
1124 622 10 -1 -1 -1 -1
1125 622 10 -1 -1 -1 -1
1126 623 10 -1 -1 -1 -1
1127 623 10 -1 -1 -1 -1
1128 624 10 -1 -1 -1 -1
1129 624 10 -1 -1 -1 -1
1130 625 10 -1 -1 -1 -1
1131 625 10 -1 -1 -1 -1
1132 626 10 -1 -1 -1 -1
1133 626 10 -1 -1 -1 -1
1134 627 10 -1 -1 -1 -1
1135 627 10 -1 -1 -1 -1
1136 628 10 -1 -1 -1 -1
1137 628 10 -1 -1 -1 -1
1138 629 10 -1 -1 -1 -1
1139 629 10 -1 -1 -1 -1
1140 630 10 -1 -1 -1 -1
1141 630 10 -1 -1 -1 -1
1142 631 10 -1 -1 -1 -1
1143 631 10 -1 -1 -1 -1
1144 632 10 -1 -1 -1 -1
1145 632 10 -1 -1 -1 -1
1146 633 10 -1 -1 -1 -1
1147 633 10 -1 -1 -1 -1
1148 634 10 -1 -1 -1 -1
1149 634 10 -1 -1 -1 -1
1150 635 10 -1 -1 -1 -1
1151 635 10 -1 -1 -1 -1
1152 636 10 -1 -1 -1 -1
1153 636 10 -1 -1 -1 -1
1154 637 10 -1 -1 -1 -1
1155 637 10 -1 -1 -1 -1
1156 638 10 -1 -1 -1 -1
1157 638 10 -1 -1 -1 -1
1158 639 10 -1 -1 -1 -1
1159 639 10 -1 -1 -1 -1
1160 640 10 -1 -1 -1 -1
1161 640 10 -1 -1 -1 -1
1162 641 10 -1 -1 -1 -1
1163 641 10 -1 -1 -1 -1
1164 642 10 -1 -1 -1 -1
1165 642 10 -1 -1 -1 -1
1166 643 10 -1 -1 -1 -1
1167 643 10 -1 -1 -1 -1
1168 644 10 -1 -1 -1 -1
1169 644 10 -1 -1 -1 -1
1170 645 10 -1 -1 -1 -1
1171 645 10 -1 -1 -1 -1
1172 646 10 -1 -1 -1 -1
1173 646 10 -1 -1 -1 -1
1174 647 10 -1 -1 -1 -1
1175 647 10 -1 -1 -1 -1
1176 648 10 -1 -1 -1 -1
1177 648 10 -1 -1 -1 -1
1178 649 10 -1 -1 -1 -1
1179 649 10 -1 -1 -1 -1
1180 650 10 -1 -1 -1 -1
1181 650 10 -1 -1 -1 -1
1182 651 10 -1 -1 -1 -1
1183 651 10 -1 -1 -1 -1
1184 652 10 -1 -1 -1 -1
1185 652 10 -1 -1 -1 -1
1186 653 10 -1 -1 -1 -1
1187 653 10 -1 -1 -1 -1
1188 654 10 -1 -1 -1 -1
1189 654 10 -1 -1 -1 -1
1190 655 10 -1 -1 -1 -1
1191 655 10 -1 -1 -1 -1
1192 656 10 -1 -1 -1 -1
1193 656 10 -1 -1 -1 -1
1194 657 10 -1 -1 -1 -1
1195 657 10 -1 -1 -1 -1
1196 658 10 -1 -1 -1 -1
1197 658 10 -1 -1 -1 -1
1198 659 10 -1 -1 -1 -1
1199 659 10 -1 -1 -1 -1
1200 660 10 -1 -1 -1 -1
1201 660 10 -1 -1 -1 -1
1202 661 10 -1 -1 -1 -1
1203 661 10 -1 -1 -1 -1
1204 662 10 -1 -1 -1 -1
1205 662 10 -1 -1 -1 -1
1206 663 10 -1 -1 -1 -1
1207 663 10 -1 -1 -1 -1
1208 664 10 -1 -1 -1 -1
1209 664 10 -1 -1 -1 -1
1210 665 10 -1 -1 -1 -1
1211 665 10 -1 -1 -1 -1
1212 666 10 -1 -1 -1 -1
1213 666 10 -1 -1 -1 -1
1214 667 10 -1 -1 -1 -1
1215 667 10 -1 -1 -1 -1
1216 668 10 -1 -1 -1 -1
1217 668 10 -1 -1 -1 -1
1218 669 10 -1 -1 -1 -1
1219 669 10 -1 -1 -1 -1
1220 670 10 -1 -1 -1 -1
1221 670 10 -1 -1 -1 -1
1222 671 10 -1 -1 -1 -1
1223 671 10 -1 -1 -1 -1
1224 672 10 -1 -1 -1 -1
1225 672 10 -1 -1 -1 -1
1226 673 10 -1 -1 -1 -1
1227 673 10 -1 -1 -1 -1
1228 674 10 -1 -1 -1 -1
1229 674 10 -1 -1 -1 -1
1230 675 10 -1 -1 -1 -1
1231 675 10 -1 -1 -1 -1
1232 676 10 -1 -1 -1 -1
1233 676 10 -1 -1 -1 -1
1234 677 10 -1 -1 -1 -1
1235 677 10 -1 -1 -1 -1
1236 678 10 -1 -1 -1 -1
1237 678 10 -1 -1 -1 -1
1238 679 10 -1 -1 -1 -1
1239 679 10 -1 -1 -1 -1
1240 680 10 -1 -1 -1 -1
1241 680 10 -1 -1 -1 -1
1242 681 10 -1 -1 -1 -1
1243 681 10 -1 -1 -1 -1
1244 682 10 -1 -1 -1 -1
1245 682 10 -1 -1 -1 -1
1246 683 10 -1 -1 -1 -1
1247 683 10 -1 -1 -1 -1
1248 684 10 -1 -1 -1 -1
1249 684 10 -1 -1 -1 -1
1250 685 10 -1 -1 -1 -1
1251 685 10 -1 -1 -1 -1
1252 686 10 -1 -1 -1 -1
1253 686 10 -1 -1 -1 -1
1254 687 10 -1 -1 -1 -1
1255 687 10 -1 -1 -1 -1
1256 688 10 -1 -1 -1 -1
1257 688 10 -1 -1 -1 -1
1258 689 10 -1 -1 -1 -1
1259 689 10 -1 -1 -1 -1
1260 690 10 -1 -1 -1 -1
1261 690 10 -1 -1 -1 -1
1262 691 10 -1 -1 -1 -1
1263 691 10 -1 -1 -1 -1
1264 692 10 -1 -1 -1 -1
1265 692 10 -1 -1 -1 -1
1266 693 10 -1 -1 -1 -1
1267 693 10 -1 -1 -1 -1
1268 694 10 -1 -1 -1 -1
1269 694 10 -1 -1 -1 -1
1270 695 10 -1 -1 -1 -1
1271 695 10 -1 -1 -1 -1
1272 696 10 -1 -1 -1 -1
1273 696 10 -1 -1 -1 -1
1274 697 10 -1 -1 -1 -1
1275 697 10 -1 -1 -1 -1
1276 698 10 -1 -1 -1 -1
1277 698 10 -1 -1 -1 -1
1278 699 10 -1 -1 -1 -1
1279 699 10 -1 -1 -1 -1
1280 700 10 -1 -1 -1 -1
1281 700 10 -1 -1 -1 -1
1282 701 10 -1 -1 -1 -1
1283 701 10 -1 -1 -1 -1
1284 702 10 -1 -1 -1 -1
1285 702 10 -1 -1 -1 -1
1286 703 10 -1 -1 -1 -1
1287 703 10 -1 -1 -1 -1
1288 704 10 -1 -1 -1 -1
1289 704 10 -1 -1 -1 -1
1290 705 10 -1 -1 -1 -1
1291 705 10 -1 -1 -1 -1
1292 706 10 -1 -1 -1 -1
1293 706 10 -1 -1 -1 -1
1294 707 10 -1 -1 -1 -1
1295 707 10 -1 -1 -1 -1
1296 708 10 -1 -1 -1 -1
1297 708 10 -1 -1 -1 -1
1298 709 10 -1 -1 -1 -1
1299 709 10 -1 -1 -1 -1
1300 710 10 -1 -1 -1 -1
1301 710 10 -1 -1 -1 -1
1302 711 10 -1 -1 -1 -1
1303 711 10 -1 -1 -1 -1
1304 712 10 -1 -1 -1 -1
1305 712 10 -1 -1 -1 -1
1306 713 10 -1 -1 -1 -1
1307 713 10 -1 -1 -1 -1
1308 714 10 -1 -1 -1 -1
1309 714 10 -1 -1 -1 -1
1310 715 10 -1 -1 -1 -1
1311 715 10 -1 -1 -1 -1
1312 716 10 -1 -1 -1 -1
1313 716 10 -1 -1 -1 -1
1314 717 10 -1 -1 -1 -1
1315 717 10 -1 -1 -1 -1
1316 718 10 -1 -1 -1 -1
1317 718 10 -1 -1 -1 -1
1318 719 10 -1 -1 -1 -1
1319 719 10 -1 -1 -1 -1
1320 720 10 -1 -1 -1 -1
1321 720 10 -1 -1 -1 -1
1322 721 10 -1 -1 -1 -1
1323 721 10 -1 -1 -1 -1
1324 722 10 -1 -1 -1 -1
1325 722 10 -1 -1 -1 -1
1326 723 10 -1 -1 -1 -1
1327 723 10 -1 -1 -1 -1
1328 724 10 -1 -1 -1 -1
1329 724 10 -1 -1 -1 -1
1330 725 10 -1 -1 -1 -1
1331 725 10 -1 -1 -1 -1
1332 726 10 -1 -1 -1 -1
1333 726 10 -1 -1 -1 -1
1334 727 10 -1 -1 -1 -1
1335 727 10 -1 -1 -1 -1
1336 728 10 -1 -1 -1 -1
1337 728 10 -1 -1 -1 -1
1338 729 10 -1 -1 -1 -1
1339 729 10 -1 -1 -1 -1
1340 730 10 -1 -1 -1 -1
1341 730 10 -1 -1 -1 -1
1342 731 10 -1 -1 -1 -1
1343 731 10 -1 -1 -1 -1
1344 732 10 -1 -1 -1 -1
1345 732 10 -1 -1 -1 -1
1346 733 10 -1 -1 -1 -1
1347 733 10 -1 -1 -1 -1
1348 734 10 -1 -1 -1 -1
1349 734 10 -1 -1 -1 -1
1350 735 10 -1 -1 -1 -1
1351 735 10 -1 -1 -1 -1
1352 736 10 -1 -1 -1 -1
1353 736 10 -1 -1 -1 -1
1354 737 10 -1 -1 -1 -1
1355 737 10 -1 -1 -1 -1
1356 738 10 -1 -1 -1 -1
1357 738 10 -1 -1 -1 -1
1358 739 10 -1 -1 -1 -1
1359 739 10 -1 -1 -1 -1
1360 740 10 -1 -1 -1 -1
1361 740 10 -1 -1 -1 -1
1362 741 10 -1 -1 -1 -1
1363 741 10 -1 -1 -1 -1
1364 742 10 -1 -1 -1 -1
1365 742 10 -1 -1 -1 -1
1366 743 10 -1 -1 -1 -1
1367 743 10 -1 -1 -1 -1
1368 744 10 -1 -1 -1 -1
1369 744 10 -1 -1 -1 -1
1370 745 10 -1 -1 -1 -1
1371 745 10 -1 -1 -1 -1
1372 746 10 -1 -1 -1 -1
1373 746 10 -1 -1 -1 -1
1374 747 10 -1 -1 -1 -1
1375 747 10 -1 -1 -1 -1
1376 748 10 -1 -1 -1 -1
1377 748 10 -1 -1 -1 -1
1378 749 10 -1 -1 -1 -1
1379 749 10 -1 -1 -1 -1
1380 750 10 -1 -1 -1 -1
1381 750 10 -1 -1 -1 -1
1382 751 10 -1 -1 -1 -1
1383 751 10 -1 -1 -1 -1
1384 752 10 -1 -1 -1 -1
1385 752 10 -1 -1 -1 -1
1386 753 10 -1 -1 -1 -1
1387 753 10 -1 -1 -1 -1
1388 754 10 -1 -1 -1 -1
1389 754 10 -1 -1 -1 -1
1390 755 10 -1 -1 -1 -1
1391 755 10 -1 -1 -1 -1
1392 756 10 -1 -1 -1 -1
1393 756 10 -1 -1 -1 -1
1394 757 10 -1 -1 -1 -1
1395 757 10 -1 -1 -1 -1
1396 758 10 -1 -1 -1 -1
1397 758 10 -1 -1 -1 -1
1398 759 10 -1 -1 -1 -1
1399 759 10 -1 -1 -1 -1
1400 760 10 -1 -1 -1 -1
1401 760 10 -1 -1 -1 -1
1402 761 10 -1 -1 -1 -1
1403 761 10 -1 -1 -1 -1
1404 762 10 -1 -1 -1 -1
1405 762 10 -1 -1 -1 -1
1406 763 10 -1 -1 -1 -1
1407 763 10 -1 -1 -1 -1
1408 764 10 -1 -1 -1 -1
1409 764 10 -1 -1 -1 -1
1410 765 10 -1 -1 -1 -1
1411 765 10 -1 -1 -1 -1
1412 766 10 -1 -1 -1 -1
1413 766 10 -1 -1 -1 -1
1414 767 10 -1 -1 -1 -1
1415 767 10 -1 -1 -1 -1
1416 768 10 -1 -1 -1 -1
1417 768 10 -1 -1 -1 -1
1418 769 10 -1 -1 -1 -1
1419 769 10 -1 -1 -1 -1
1420 770 10 -1 -1 -1 -1
1421 770 10 -1 -1 -1 -1
1422 771 10 -1 -1 -1 -1
1423 771 10 -1 -1 -1 -1
1424 772 10 -1 -1 -1 -1
1425 772 10 -1 -1 -1 -1
1426 773 10 -1 -1 -1 -1
1427 773 10 -1 -1 -1 -1
1428 774 10 -1 -1 -1 -1
1429 774 10 -1 -1 -1 -1
1430 775 10 -1 -1 -1 -1
1431 775 10 -1 -1 -1 -1
1432 776 10 -1 -1 -1 -1
1433 776 10 -1 -1 -1 -1
1434 777 10 -1 -1 -1 -1
1435 777 10 -1 -1 -1 -1
1436 778 10 -1 -1 -1 -1
1437 778 10 -1 -1 -1 -1
1438 779 10 -1 -1 -1 -1
1439 779 10 -1 -1 -1 -1
1440 780 10 -1 -1 -1 -1
1441 780 10 -1 -1 -1 -1
1442 781 10 -1 -1 -1 -1
1443 781 10 -1 -1 -1 -1
1444 782 10 -1 -1 -1 -1
1445 782 10 -1 -1 -1 -1
1446 783 10 -1 -1 -1 -1
1447 783 10 -1 -1 -1 -1
1448 784 10 -1 -1 -1 -1
1449 784 10 -1 -1 -1 -1
1450 785 10 -1 -1 -1 -1
1451 785 10 -1 -1 -1 -1
1452 786 10 -1 -1 -1 -1
1453 786 10 -1 -1 -1 -1
1454 787 10 -1 -1 -1 -1
1455 787 10 -1 -1 -1 -1
1456 788 10 -1 -1 -1 -1
1457 788 10 -1 -1 -1 -1
1458 789 10 -1 -1 -1 -1
1459 789 10 -1 -1 -1 -1
1460 790 10 -1 -1 -1 -1
1461 790 10 -1 -1 -1 -1
1462 791 10 -1 -1 -1 -1
1463 791 10 -1 -1 -1 -1
1464 792 10 -1 -1 -1 -1
1465 792 10 -1 -1 -1 -1
1466 793 10 -1 -1 -1 -1
1467 793 10 -1 -1 -1 -1
1468 794 10 -1 -1 -1 -1
1469 794 10 -1 -1 -1 -1
1470 795 10 -1 -1 -1 -1
1471 795 10 -1 -1 -1 -1
1472 796 10 -1 -1 -1 -1
1473 796 10 -1 -1 -1 -1
1474 797 10 -1 -1 -1 -1
1475 797 10 -1 -1 -1 -1
1476 798 10 -1 -1 -1 -1
1477 798 10 -1 -1 -1 -1
1478 799 10 -1 -1 -1 -1
1479 799 10 -1 -1 -1 -1
1480 800 10 -1 -1 -1 -1
1481 800 10 -1 -1 -1 -1
1482 801 10 -1 -1 -1 -1
1483 801 10 -1 -1 -1 -1
1484 802 10 -1 -1 -1 -1
1485 802 10 -1 -1 -1 -1
1486 803 10 -1 -1 -1 -1
1487 803 10 -1 -1 -1 -1
1488 804 10 -1 -1 -1 -1
1489 804 10 -1 -1 -1 -1
1490 805 10 -1 -1 -1 -1
1491 805 10 -1 -1 -1 -1
1492 806 10 -1 -1 -1 -1
1493 806 10 -1 -1 -1 -1
1494 807 10 -1 -1 -1 -1
1495 807 10 -1 -1 -1 -1
1496 808 10 -1 -1 -1 -1
1497 808 10 -1 -1 -1 -1
1498 809 10 -1 -1 -1 -1
1499 809 10 -1 -1 -1 -1
1500 810 10 -1 -1 -1 -1
1501 810 10 -1 -1 -1 -1
1502 811 10 -1 -1 -1 -1
1503 811 10 -1 -1 -1 -1
1504 812 10 -1 -1 -1 -1
1505 812 10 -1 -1 -1 -1
1506 813 10 -1 -1 -1 -1
1507 813 10 -1 -1 -1 -1
1508 814 10 -1 -1 -1 -1
1509 814 10 -1 -1 -1 -1
1510 815 10 -1 -1 -1 -1
1511 815 10 -1 -1 -1 -1
1512 816 10 -1 -1 -1 -1
1513 816 10 -1 -1 -1 -1
1514 817 10 -1 -1 -1 -1
1515 817 10 -1 -1 -1 -1
1516 818 10 -1 -1 -1 -1
1517 818 10 -1 -1 -1 -1
1518 819 10 -1 -1 -1 -1
1519 819 10 -1 -1 -1 -1
1520 820 10 -1 -1 -1 -1
1521 820 10 -1 -1 -1 -1
1522 821 10 -1 -1 -1 -1
1523 821 10 -1 -1 -1 -1
1524 822 10 -1 -1 -1 -1
1525 822 10 -1 -1 -1 -1
1526 823 10 -1 -1 -1 -1
1527 823 10 -1 -1 -1 -1
1528 824 10 -1 -1 -1 -1
1529 824 10 -1 -1 -1 -1
1530 825 10 -1 -1 -1 -1
1531 825 10 -1 -1 -1 -1
1532 826 10 -1 -1 -1 -1
1533 826 10 -1 -1 -1 -1
1534 827 10 -1 -1 -1 -1
1535 827 10 -1 -1 -1 -1
1536 828 10 -1 -1 -1 -1
1537 828 10 -1 -1 -1 -1
1538 829 10 -1 -1 -1 -1
1539 829 10 -1 -1 -1 -1
1540 830 10 -1 -1 -1 -1
1541 830 10 -1 -1 -1 -1
1542 831 10 -1 -1 -1 -1
1543 831 10 -1 -1 -1 -1
1544 832 10 -1 -1 -1 -1
1545 832 10 -1 -1 -1 -1
1546 833 10 -1 -1 -1 -1
1547 833 10 -1 -1 -1 -1
1548 834 10 -1 -1 -1 -1
1549 834 10 -1 -1 -1 -1
1550 835 10 -1 -1 -1 -1
1551 835 10 -1 -1 -1 -1
1552 836 10 -1 -1 -1 -1
1553 836 10 -1 -1 -1 -1
1554 837 10 -1 -1 -1 -1
1555 837 10 -1 -1 -1 -1
1556 838 10 -1 -1 -1 -1
1557 838 10 -1 -1 -1 -1
1558 839 10 -1 -1 -1 -1
1559 839 10 -1 -1 -1 -1
1560 840 10 -1 -1 -1 -1
1561 840 10 -1 -1 -1 -1
1562 841 10 -1 -1 -1 -1
1563 841 10 -1 -1 -1 -1
1564 842 10 -1 -1 -1 -1
1565 842 10 -1 -1 -1 -1
1566 843 10 -1 -1 -1 -1
1567 843 10 -1 -1 -1 -1
1568 844 10 -1 -1 -1 -1
1569 844 10 -1 -1 -1 -1
1570 845 10 -1 -1 -1 -1
1571 845 10 -1 -1 -1 -1
1572 846 10 -1 -1 -1 -1
1573 846 10 -1 -1 -1 -1
1574 847 10 -1 -1 -1 -1
1575 847 10 -1 -1 -1 -1
1576 848 10 -1 -1 -1 -1
1577 848 10 -1 -1 -1 -1
1578 849 10 -1 -1 -1 -1
1579 849 10 -1 -1 -1 -1
1580 850 10 -1 -1 -1 -1
1581 850 10 -1 -1 -1 -1
1582 851 10 -1 -1 -1 -1
1583 851 10 -1 -1 -1 -1
1584 852 10 -1 -1 -1 -1
1585 852 10 -1 -1 -1 -1
1586 853 10 -1 -1 -1 -1
1587 853 10 -1 -1 -1 -1
1588 854 10 -1 -1 -1 -1
1589 854 10 -1 -1 -1 -1
1590 855 10 -1 -1 -1 -1
1591 855 10 -1 -1 -1 -1
1592 856 10 -1 -1 -1 -1
1593 856 10 -1 -1 -1 -1
1594 857 10 -1 -1 -1 -1
1595 857 10 -1 -1 -1 -1
1596 858 10 -1 -1 -1 -1
1597 858 10 -1 -1 -1 -1
1598 859 10 -1 -1 -1 -1
1599 859 10 -1 -1 -1 -1
1600 860 10 -1 -1 -1 -1
1601 860 10 -1 -1 -1 -1
1602 861 10 -1 -1 -1 -1
1603 861 10 -1 -1 -1 -1
1604 862 10 -1 -1 -1 -1
1605 862 10 -1 -1 -1 -1
1606 863 10 -1 -1 -1 -1
1607 863 10 -1 -1 -1 -1
1608 864 10 -1 -1 -1 -1
1609 864 10 -1 -1 -1 -1
1610 865 10 -1 -1 -1 -1
1611 865 10 -1 -1 -1 -1
1612 866 10 -1 -1 -1 -1
1613 866 10 -1 -1 -1 -1
1614 867 10 -1 -1 -1 -1
1615 867 10 -1 -1 -1 -1
1616 868 10 -1 -1 -1 -1
1617 868 10 -1 -1 -1 -1
1618 869 10 -1 -1 -1 -1
1619 869 10 -1 -1 -1 -1
1620 870 10 -1 -1 -1 -1
1621 870 10 -1 -1 -1 -1
1622 871 10 -1 -1 -1 -1
1623 871 10 -1 -1 -1 -1
1624 872 10 -1 -1 -1 -1
1625 872 10 -1 -1 -1 -1
1626 873 10 -1 -1 -1 -1
1627 873 10 -1 -1 -1 -1
1628 874 10 -1 -1 -1 -1
1629 874 10 -1 -1 -1 -1
1630 875 10 -1 -1 -1 -1
1631 875 10 -1 -1 -1 -1
1632 876 10 -1 -1 -1 -1
1633 876 10 -1 -1 -1 -1
1634 877 10 -1 -1 -1 -1
1635 877 10 -1 -1 -1 -1
1636 878 10 -1 -1 -1 -1
1637 878 10 -1 -1 -1 -1
1638 879 10 -1 -1 -1 -1
1639 879 10 -1 -1 -1 -1
1640 880 10 -1 -1 -1 -1
1641 880 10 -1 -1 -1 -1
1642 881 10 -1 -1 -1 -1
1643 881 10 -1 -1 -1 -1
1644 882 10 -1 -1 -1 -1
1645 882 10 -1 -1 -1 -1
1646 883 10 -1 -1 -1 -1
1647 883 10 -1 -1 -1 -1
1648 884 10 -1 -1 -1 -1
1649 884 10 -1 -1 -1 -1
1650 885 10 -1 -1 -1 -1
1651 885 10 -1 -1 -1 -1
1652 886 10 -1 -1 -1 -1
1653 886 10 -1 -1 -1 -1
1654 887 10 -1 -1 -1 -1
1655 887 10 -1 -1 -1 -1
1656 888 10 -1 -1 -1 -1
1657 888 10 -1 -1 -1 -1
1658 889 10 -1 -1 -1 -1
1659 889 10 -1 -1 -1 -1
1660 890 10 -1 -1 -1 -1
1661 890 10 -1 -1 -1 -1
1662 891 10 -1 -1 -1 -1
1663 891 10 -1 -1 -1 -1
1664 892 10 -1 -1 -1 -1
1665 892 10 -1 -1 -1 -1
1666 893 10 -1 -1 -1 -1
1667 893 10 -1 -1 -1 -1
1668 894 10 -1 -1 -1 -1
1669 894 10 -1 -1 -1 -1
1670 895 10 -1 -1 -1 -1
1671 895 10 -1 -1 -1 -1
1672 896 10 -1 -1 -1 -1
1673 896 10 -1 -1 -1 -1
1674 897 10 -1 -1 -1 -1
1675 897 10 -1 -1 -1 -1
1676 898 10 -1 -1 -1 -1
1677 898 10 -1 -1 -1 -1
1678 899 10 -1 -1 -1 -1
1679 899 10 -1 -1 -1 -1
1680 900 10 -1 -1 -1 -1
1681 900 10 -1 -1 -1 -1
1682 901 10 -1 -1 -1 -1
1683 901 10 -1 -1 -1 -1
