2 20 20 
8
0 -1 0 1 1 2 -1
1 0 1 0 3 4 -1
2 0 1 0 5 6 -1
3 1 2 0 7 8 -1
4 1 2 0 9 10 -1
5 2 2 0 11 12 -1
6 2 2 0 13 14 -1
7 3 3 1 15 16 -1
8 3 3 1 17 18 -1
9 4 3 1 19 20 -1
10 4 3 1 21 22 -1
11 5 3 1 23 24 -1
12 5 3 1 25 26 -1
13 6 3 0 27 28 -1
14 6 3 1 29 30 -1
15 7 4 1 31 32 -1
16 7 4 1 33 34 -1
17 8 4 1 35 36 -1
18 8 4 1 37 38 -1
19 9 4 0 39 40 -1
20 9 4 0 41 42 -1
21 10 4 1 43 44 -1
22 10 4 0 45 46 -1
23 11 4 0 47 48 -1
24 11 4 1 49 50 -1
25 12 4 1 51 52 -1
26 12 4 1 53 54 -1
27 13 4 1 55 56 -1
28 13 4 0 57 58 -1
29 14 4 1 59 60 -1
30 14 4 0 61 62 -1
31 15 5 1 63 64 -1
32 15 5 1 65 66 -1
33 16 5 1 67 68 -1
34 16 5 1 69 70 -1
35 17 5 0 71 72 -1
36 17 5 0 73 74 -1
37 18 5 1 75 76 -1
38 18 5 0 77 78 -1
39 19 5 1 79 80 -1
40 19 5 1 81 82 -1
41 20 5 1 83 84 -1
42 20 5 1 85 86 -1
43 21 5 0 87 88 -1
44 21 5 1 89 90 -1
45 22 5 0 91 92 -1
46 22 5 1 93 94 -1
47 23 5 1 95 96 -1
48 23 5 1 97 98 -1
49 24 5 0 99 100 -1
50 24 5 1 101 102 -1
51 25 5 0 103 104 -1
52 25 5 0 105 106 -1
53 26 5 0 107 108 -1
54 26 5 1 109 110 -1
55 27 5 0 111 112 -1
56 27 5 1 113 114 -1
57 28 5 1 115 116 -1
58 28 5 1 117 118 -1
59 29 5 1 119 120 -1
60 29 5 0 121 122 -1
61 30 5 0 123 124 -1
62 30 5 0 125 126 -1
63 31 6 0 -1 -1 127
64 31 6 0 -1 -1 128
65 32 6 0 129 130 -1
66 32 6 1 -1 -1 131
67 33 6 1 -1 -1 132
68 33 6 0 133 134 -1
69 34 6 0 -1 -1 135
70 34 6 1 136 137 -1
71 35 6 0 -1 -1 138
72 35 6 1 -1 -1 139
73 36 6 1 140 141 -1
74 36 6 1 -1 -1 142
75 37 6 0 -1 -1 143
76 37 6 1 144 145 -1
77 38 6 0 -1 -1 146
78 38 6 1 147 148 -1
79 39 6 0 -1 -1 149
80 39 6 1 150 151 -1
81 40 6 0 -1 -1 152
82 40 6 1 -1 -1 153
83 41 6 0 154 155 -1
84 41 6 1 156 157 -1
85 42 6 0 158 159 -1
86 42 6 0 -1 -1 160
87 43 6 0 161 162 -1
88 43 6 0 163 164 -1
89 44 6 1 165 166 -1
90 44 6 1 -1 -1 167
91 45 6 1 168 169 -1
92 45 6 1 -1 -1 170
93 46 6 1 -1 -1 171
94 46 6 1 -1 -1 172
95 47 6 1 173 174 -1
96 47 6 0 -1 -1 175
97 48 6 1 176 177 -1
98 48 6 0 178 179 -1
99 49 6 1 -1 -1 180
100 49 6 0 181 182 -1
101 50 6 1 183 184 -1
102 50 6 1 185 186 -1
103 51 6 1 187 188 -1
104 51 6 1 189 190 -1
105 52 6 1 -1 -1 191
106 52 6 0 -1 -1 192
107 53 6 1 193 194 -1
108 53 6 1 195 196 -1
109 54 6 1 -1 -1 197
110 54 6 1 -1 -1 198
111 55 6 0 199 200 -1
112 55 6 1 -1 -1 201
113 56 6 1 -1 -1 202
114 56 6 1 203 204 -1
115 57 6 0 205 206 -1
116 57 6 0 -1 -1 207
117 58 6 1 -1 -1 208
118 58 6 1 -1 -1 209
119 59 6 0 -1 -1 210
120 59 6 1 -1 -1 211
121 60 6 0 212 213 -1
122 60 6 0 -1 -1 214
123 61 6 0 215 216 -1
124 61 6 1 217 218 -1
125 62 6 1 -1 -1 219
126 62 6 1 -1 -1 220
127 63 7 0 -1 -1 221
128 64 7 1 222 223 -1
129 65 7 1 224 225 -1
130 65 7 0 -1 -1 226
131 66 7 0 -1 -1 227
132 67 7 1 228 229 -1
133 68 7 0 230 231 -1
134 68 7 0 -1 -1 232
135 69 7 1 233 234 -1
136 70 7 1 235 236 -1
137 70 7 0 -1 -1 237
138 71 7 1 -1 -1 238
139 72 7 0 -1 -1 239
140 73 7 0 240 241 -1
141 73 7 0 -1 -1 242
142 74 7 0 -1 -1 243
143 75 7 1 -1 -1 244
144 76 7 0 -1 -1 245
145 76 7 0 246 247 -1
146 77 7 1 248 249 -1
147 78 7 1 -1 -1 250
148 78 7 0 251 252 -1
149 79 7 1 -1 -1 253
150 80 7 0 -1 -1 254
151 80 7 0 -1 -1 255
152 81 7 0 256 257 -1
153 82 7 1 258 259 -1
154 83 7 1 -1 -1 260
155 83 7 0 261 262 -1
156 84 7 0 263 264 -1
157 84 7 0 265 266 -1
158 85 7 0 267 268 -1
159 85 7 0 -1 -1 269
160 86 7 0 270 271 -1
161 87 7 1 272 273 -1
162 87 7 0 -1 -1 274
163 88 7 0 -1 -1 275
164 88 7 0 276 277 -1
165 89 7 1 -1 -1 278
166 89 7 0 -1 -1 279
167 90 7 0 280 281 -1
168 91 7 1 282 283 -1
169 91 7 0 -1 -1 284
170 92 7 0 285 286 -1
171 93 7 0 -1 -1 287
172 94 7 1 288 289 -1
173 95 7 0 290 291 -1
174 95 7 1 292 293 -1
175 96 7 0 294 295 -1
176 97 7 0 -1 -1 296
177 97 7 0 -1 -1 297
178 98 7 0 298 299 -1
179 98 7 1 -1 -1 300
180 99 7 1 -1 -1 301
181 100 7 1 302 303 -1
182 100 7 1 304 305 -1
183 101 7 0 -1 -1 306
184 101 7 1 307 308 -1
185 102 7 1 -1 -1 309
186 102 7 0 310 311 -1
187 103 7 1 312 313 -1
188 103 7 1 314 315 -1
189 104 7 1 316 317 -1
190 104 7 1 318 319 -1
191 105 7 0 320 321 -1
192 106 7 0 322 323 -1
193 107 7 1 324 325 -1
194 107 7 1 326 327 -1
195 108 7 1 -1 -1 328
196 108 7 0 329 330 -1
197 109 7 1 -1 -1 331
198 110 7 0 332 333 -1
199 111 7 1 -1 -1 334
200 111 7 0 -1 -1 335
201 112 7 1 336 337 -1
202 113 7 0 338 339 -1
203 114 7 0 -1 -1 340
204 114 7 1 -1 -1 341
205 115 7 1 -1 -1 342
206 115 7 1 -1 -1 343
207 116 7 0 -1 -1 344
208 117 7 1 345 346 -1
209 118 7 0 347 348 -1
210 119 7 0 -1 -1 349
211 120 7 0 350 351 -1
212 121 7 0 352 353 -1
213 121 7 1 354 355 -1
214 122 7 0 356 357 -1
215 123 7 0 358 359 -1
216 123 7 0 -1 -1 360
217 124 7 0 -1 -1 361
218 124 7 0 362 363 -1
219 125 7 0 -1 -1 364
220 126 7 0 -1 -1 365
221 127 8 1 366 367 -1
222 128 8 0 368 369 -1
223 128 8 0 -1 -1 370
224 129 8 1 -1 -1 371
225 129 8 1 372 373 -1
226 130 8 0 -1 -1 374
227 131 8 1 -1 -1 375
228 132 8 0 -1 -1 376
229 132 8 1 -1 -1 377
230 133 8 1 378 379 -1
231 133 8 1 -1 -1 380
232 134 8 1 381 382 -1
233 135 8 0 383 384 -1
234 135 8 1 385 386 -1
235 136 8 0 387 388 -1
236 136 8 0 -1 -1 389
237 137 8 1 390 391 -1
238 138 8 1 392 393 -1
239 139 8 0 394 395 -1
240 140 8 1 -1 -1 396
241 140 8 1 397 398 -1
242 141 8 0 399 400 -1
243 142 8 0 401 402 -1
244 143 8 1 -1 -1 403
245 144 8 0 -1 -1 404
246 145 8 1 405 406 -1
247 145 8 1 -1 -1 407
248 146 8 0 -1 -1 408
249 146 8 0 409 410 -1
250 147 8 0 411 412 -1
251 148 8 0 413 414 -1
252 148 8 1 -1 -1 415
253 149 8 0 416 417 -1
254 150 8 1 -1 -1 418
255 151 8 1 419 420 -1
256 152 8 0 -1 -1 421
257 152 8 0 422 423 -1
258 153 8 1 424 425 -1
259 153 8 0 426 427 -1
260 154 8 0 -1 -1 428
261 155 8 0 -1 -1 429
262 155 8 0 -1 -1 430
263 156 8 1 -1 -1 431
264 156 8 0 432 433 -1
265 157 8 0 -1 -1 434
266 157 8 1 -1 -1 435
267 158 8 1 436 437 -1
268 158 8 1 -1 -1 438
269 159 8 1 -1 -1 439
270 160 8 0 440 441 -1
271 160 8 1 442 443 -1
272 161 8 1 444 445 -1
273 161 8 1 446 447 -1
274 162 8 0 448 449 -1
275 163 8 1 450 451 -1
276 164 8 0 452 453 -1
277 164 8 1 454 455 -1
278 165 8 0 456 457 -1
279 166 8 0 -1 -1 458
280 167 8 1 459 460 -1
281 167 8 1 -1 -1 461
282 168 8 0 462 463 -1
283 168 8 1 -1 -1 464
284 169 8 1 465 466 -1
285 170 8 0 467 468 -1
286 170 8 0 -1 -1 469
287 171 8 1 470 471 -1
288 172 8 1 -1 -1 472
289 172 8 1 473 474 -1
290 173 8 0 -1 -1 475
291 173 8 0 476 477 -1
292 174 8 0 -1 -1 478
293 174 8 0 479 480 -1
294 175 8 1 481 482 -1
295 175 8 0 -1 -1 483
296 176 8 0 484 485 -1
297 177 8 1 486 487 -1
298 178 8 0 488 489 -1
299 178 8 0 490 491 -1
300 179 8 1 492 493 -1
301 180 8 0 -1 -1 494
302 181 8 0 495 496 -1
303 181 8 1 497 498 -1
304 182 8 1 499 500 -1
305 182 8 1 501 502 -1
306 183 8 0 -1 -1 503
307 184 8 0 504 505 -1
308 184 8 0 506 507 -1
309 185 8 1 508 509 -1
310 186 8 1 510 511 -1
311 186 8 0 512 513 -1
312 187 8 0 -1 -1 514
313 187 8 1 515 516 -1
314 188 8 0 -1 -1 517
315 188 8 0 518 519 -1
316 189 8 1 520 521 -1
317 189 8 1 -1 -1 522
318 190 8 0 -1 -1 523
319 190 8 0 -1 -1 524
320 191 8 0 525 526 -1
321 191 8 0 -1 -1 527
322 192 8 1 528 529 -1
323 192 8 1 530 531 -1
324 193 8 1 532 533 -1
325 193 8 0 534 535 -1
326 194 8 1 -1 -1 536
327 194 8 0 -1 -1 537
328 195 8 0 538 539 -1
329 196 8 1 540 541 -1
330 196 8 0 542 543 -1
331 197 8 1 544 545 -1
332 198 8 0 546 547 -1
333 198 8 0 548 549 -1
334 199 8 0 550 551 -1
335 200 8 1 552 553 -1
336 201 8 0 554 555 -1
337 201 8 0 -1 -1 556
338 202 8 1 -1 -1 557
339 202 8 0 558 559 -1
340 203 8 1 560 561 -1
341 204 8 0 -1 -1 562
342 205 8 0 563 564 -1
343 206 8 0 -1 -1 565
344 207 8 0 -1 -1 566
345 208 8 0 -1 -1 567
346 208 8 0 -1 -1 568
347 209 8 1 -1 -1 569
348 209 8 1 570 571 -1
349 210 8 1 572 573 -1
350 211 8 1 574 575 -1
351 211 8 0 -1 -1 576
352 212 8 0 -1 -1 577
353 212 8 0 -1 -1 578
354 213 8 1 579 580 -1
355 213 8 1 581 582 -1
356 214 8 1 583 584 -1
357 214 8 1 585 586 -1
358 215 8 1 587 588 -1
359 215 8 0 -1 -1 589
360 216 8 1 590 591 -1
361 217 8 0 592 593 -1
362 218 8 0 -1 -1 594
363 218 8 1 595 596 -1
364 219 8 1 597 598 -1
365 220 8 0 -1 -1 599
366 221 9 1 -1 -1 600
367 221 9 1 -1 -1 601
368 222 9 1 -1 -1 602
369 222 9 0 -1 -1 603
370 223 9 1 -1 -1 604
371 224 9 1 -1 -1 605
372 225 9 1 -1 -1 606
373 225 9 1 -1 -1 607
374 226 9 1 -1 -1 608
375 227 9 0 -1 -1 609
376 228 9 0 -1 -1 610
377 229 9 1 -1 -1 611
378 230 9 1 -1 -1 612
379 230 9 0 -1 -1 613
380 231 9 1 -1 -1 614
381 232 9 0 -1 -1 615
382 232 9 1 -1 -1 616
383 233 9 0 -1 -1 617
384 233 9 1 -1 -1 618
385 234 9 1 -1 -1 619
386 234 9 1 -1 -1 620
387 235 9 1 -1 -1 621
388 235 9 1 -1 -1 622
389 236 9 0 -1 -1 623
390 237 9 0 -1 -1 624
391 237 9 1 -1 -1 625
392 238 9 0 -1 -1 626
393 238 9 0 -1 -1 627
394 239 9 0 -1 -1 628
395 239 9 1 -1 -1 629
396 240 9 0 -1 -1 630
397 241 9 0 -1 -1 631
398 241 9 1 -1 -1 632
399 242 9 1 -1 -1 633
400 242 9 0 -1 -1 634
401 243 9 1 -1 -1 635
402 243 9 0 -1 -1 636
403 244 9 1 -1 -1 637
404 245 9 1 -1 -1 638
405 246 9 0 -1 -1 639
406 246 9 1 -1 -1 640
407 247 9 1 -1 -1 641
408 248 9 1 -1 -1 642
409 249 9 0 -1 -1 643
410 249 9 1 -1 -1 644
411 250 9 1 -1 -1 645
412 250 9 0 -1 -1 646
413 251 9 1 -1 -1 647
414 251 9 1 -1 -1 648
415 252 9 0 -1 -1 649
416 253 9 1 -1 -1 650
417 253 9 0 -1 -1 651
418 254 9 0 -1 -1 652
419 255 9 1 -1 -1 653
420 255 9 0 -1 -1 654
421 256 9 1 -1 -1 655
422 257 9 0 -1 -1 656
423 257 9 0 -1 -1 657
424 258 9 0 -1 -1 658
425 258 9 1 -1 -1 659
426 259 9 0 -1 -1 660
427 259 9 0 -1 -1 661
428 260 9 0 -1 -1 662
429 261 9 1 -1 -1 663
430 262 9 1 -1 -1 664
431 263 9 1 -1 -1 665
432 264 9 1 -1 -1 666
433 264 9 1 -1 -1 667
434 265 9 0 -1 -1 668
435 266 9 1 -1 -1 669
436 267 9 0 -1 -1 670
437 267 9 1 -1 -1 671
438 268 9 0 -1 -1 672
439 269 9 0 -1 -1 673
440 270 9 1 -1 -1 674
441 270 9 0 -1 -1 675
442 271 9 1 -1 -1 676
443 271 9 0 -1 -1 677
444 272 9 1 -1 -1 678
445 272 9 1 -1 -1 679
446 273 9 1 -1 -1 680
447 273 9 0 -1 -1 681
448 274 9 1 -1 -1 682
449 274 9 0 -1 -1 683
450 275 9 0 -1 -1 684
451 275 9 0 -1 -1 685
452 276 9 0 -1 -1 686
453 276 9 0 -1 -1 687
454 277 9 1 -1 -1 688
455 277 9 0 -1 -1 689
456 278 9 1 -1 -1 690
457 278 9 0 -1 -1 691
458 279 9 1 -1 -1 692
459 280 9 0 -1 -1 693
460 280 9 1 -1 -1 694
461 281 9 0 -1 -1 695
462 282 9 1 -1 -1 696
463 282 9 1 -1 -1 697
464 283 9 1 -1 -1 698
465 284 9 1 -1 -1 699
466 284 9 1 -1 -1 700
467 285 9 0 -1 -1 701
468 285 9 0 -1 -1 702
469 286 9 0 -1 -1 703
470 287 9 1 -1 -1 704
471 287 9 1 -1 -1 705
472 288 9 0 -1 -1 706
473 289 9 1 -1 -1 707
474 289 9 0 -1 -1 708
475 290 9 0 -1 -1 709
476 291 9 1 -1 -1 710
477 291 9 0 -1 -1 711
478 292 9 1 -1 -1 712
479 293 9 1 -1 -1 713
480 293 9 0 -1 -1 714
481 294 9 1 -1 -1 715
482 294 9 1 -1 -1 716
483 295 9 1 -1 -1 717
484 296 9 1 -1 -1 718
485 296 9 1 -1 -1 719
486 297 9 0 -1 -1 720
487 297 9 0 -1 -1 721
488 298 9 0 -1 -1 722
489 298 9 1 -1 -1 723
490 299 9 1 -1 -1 724
491 299 9 0 -1 -1 725
492 300 9 1 -1 -1 726
493 300 9 1 -1 -1 727
494 301 9 1 -1 -1 728
495 302 9 0 -1 -1 729
496 302 9 1 -1 -1 730
497 303 9 0 -1 -1 731
498 303 9 1 -1 -1 732
499 304 9 0 -1 -1 733
500 304 9 1 -1 -1 734
501 305 9 0 -1 -1 735
502 305 9 0 -1 -1 736
503 306 9 0 -1 -1 737
504 307 9 0 -1 -1 738
505 307 9 1 -1 -1 739
506 308 9 0 -1 -1 740
507 308 9 0 -1 -1 741
508 309 9 1 -1 -1 742
509 309 9 1 -1 -1 743
510 310 9 1 -1 -1 744
511 310 9 0 -1 -1 745
512 311 9 0 -1 -1 746
513 311 9 0 -1 -1 747
514 312 9 0 -1 -1 748
515 313 9 1 -1 -1 749
516 313 9 1 -1 -1 750
517 314 9 1 -1 -1 751
518 315 9 1 -1 -1 752
519 315 9 1 -1 -1 753
520 316 9 1 -1 -1 754
521 316 9 1 -1 -1 755
522 317 9 0 -1 -1 756
523 318 9 1 -1 -1 757
524 319 9 1 -1 -1 758
525 320 9 1 -1 -1 759
526 320 9 0 -1 -1 760
527 321 9 0 -1 -1 761
528 322 9 0 -1 -1 762
529 322 9 1 -1 -1 763
530 323 9 1 -1 -1 764
531 323 9 1 -1 -1 765
532 324 9 0 -1 -1 766
533 324 9 1 -1 -1 767
534 325 9 1 -1 -1 768
535 325 9 0 -1 -1 769
536 326 9 0 -1 -1 770
537 327 9 0 -1 -1 771
538 328 9 1 -1 -1 772
539 328 9 1 -1 -1 773
540 329 9 0 -1 -1 774
541 329 9 0 -1 -1 775
542 330 9 0 -1 -1 776
543 330 9 1 -1 -1 777
544 331 9 1 -1 -1 778
545 331 9 1 -1 -1 779
546 332 9 0 -1 -1 780
547 332 9 1 -1 -1 781
548 333 9 1 -1 -1 782
549 333 9 0 -1 -1 783
550 334 9 0 -1 -1 784
551 334 9 1 -1 -1 785
552 335 9 1 -1 -1 786
553 335 9 1 -1 -1 787
554 336 9 1 -1 -1 788
555 336 9 1 -1 -1 789
556 337 9 1 -1 -1 790
557 338 9 1 -1 -1 791
558 339 9 0 -1 -1 792
559 339 9 1 -1 -1 793
560 340 9 0 -1 -1 794
561 340 9 0 -1 -1 795
562 341 9 1 -1 -1 796
563 342 9 0 -1 -1 797
564 342 9 1 -1 -1 798
565 343 9 1 -1 -1 799
566 344 9 0 -1 -1 800
567 345 9 1 -1 -1 801
568 346 9 1 -1 -1 802
569 347 9 1 -1 -1 803
570 348 9 1 -1 -1 804
571 348 9 1 -1 -1 805
572 349 9 1 -1 -1 806
573 349 9 0 -1 -1 807
574 350 9 0 -1 -1 808
575 350 9 0 -1 -1 809
576 351 9 0 -1 -1 810
577 352 9 1 -1 -1 811
578 353 9 1 -1 -1 812
579 354 9 0 -1 -1 813
580 354 9 1 -1 -1 814
581 355 9 1 -1 -1 815
582 355 9 0 -1 -1 816
583 356 9 1 -1 -1 817
584 356 9 0 -1 -1 818
585 357 9 0 -1 -1 819
586 357 9 1 -1 -1 820
587 358 9 1 -1 -1 821
588 358 9 1 -1 -1 822
589 359 9 1 -1 -1 823
590 360 9 1 -1 -1 824
591 360 9 1 -1 -1 825
592 361 9 0 -1 -1 826
593 361 9 1 -1 -1 827
594 362 9 0 -1 -1 828
595 363 9 1 -1 -1 829
596 363 9 1 -1 -1 830
597 364 9 0 -1 -1 831
598 364 9 0 -1 -1 832
599 365 9 0 -1 -1 833
600 366 10 -1 -1 -1 -1
601 367 10 -1 -1 -1 -1
602 368 10 -1 -1 -1 -1
603 369 10 -1 -1 -1 -1
604 370 10 -1 -1 -1 -1
605 371 10 -1 -1 -1 -1
606 372 10 -1 -1 -1 -1
607 373 10 -1 -1 -1 -1
608 374 10 -1 -1 -1 -1
609 375 10 -1 -1 -1 -1
610 376 10 -1 -1 -1 -1
611 377 10 -1 -1 -1 -1
612 378 10 -1 -1 -1 -1
613 379 10 -1 -1 -1 -1
614 380 10 -1 -1 -1 -1
615 381 10 -1 -1 -1 -1
616 382 10 -1 -1 -1 -1
617 383 10 -1 -1 -1 -1
618 384 10 -1 -1 -1 -1
619 385 10 -1 -1 -1 -1
620 386 10 -1 -1 -1 -1
621 387 10 -1 -1 -1 -1
622 388 10 -1 -1 -1 -1
623 389 10 -1 -1 -1 -1
624 390 10 -1 -1 -1 -1
625 391 10 -1 -1 -1 -1
626 392 10 -1 -1 -1 -1
627 393 10 -1 -1 -1 -1
628 394 10 -1 -1 -1 -1
629 395 10 -1 -1 -1 -1
630 396 10 -1 -1 -1 -1
631 397 10 -1 -1 -1 -1
632 398 10 -1 -1 -1 -1
633 399 10 -1 -1 -1 -1
634 400 10 -1 -1 -1 -1
635 401 10 -1 -1 -1 -1
636 402 10 -1 -1 -1 -1
637 403 10 -1 -1 -1 -1
638 404 10 -1 -1 -1 -1
639 405 10 -1 -1 -1 -1
640 406 10 -1 -1 -1 -1
641 407 10 -1 -1 -1 -1
642 408 10 -1 -1 -1 -1
643 409 10 -1 -1 -1 -1
644 410 10 -1 -1 -1 -1
645 411 10 -1 -1 -1 -1
646 412 10 -1 -1 -1 -1
647 413 10 -1 -1 -1 -1
648 414 10 -1 -1 -1 -1
649 415 10 -1 -1 -1 -1
650 416 10 -1 -1 -1 -1
651 417 10 -1 -1 -1 -1
652 418 10 -1 -1 -1 -1
653 419 10 -1 -1 -1 -1
654 420 10 -1 -1 -1 -1
655 421 10 -1 -1 -1 -1
656 422 10 -1 -1 -1 -1
657 423 10 -1 -1 -1 -1
658 424 10 -1 -1 -1 -1
659 425 10 -1 -1 -1 -1
660 426 10 -1 -1 -1 -1
661 427 10 -1 -1 -1 -1
662 428 10 -1 -1 -1 -1
663 429 10 -1 -1 -1 -1
664 430 10 -1 -1 -1 -1
665 431 10 -1 -1 -1 -1
666 432 10 -1 -1 -1 -1
667 433 10 -1 -1 -1 -1
668 434 10 -1 -1 -1 -1
669 435 10 -1 -1 -1 -1
670 436 10 -1 -1 -1 -1
671 437 10 -1 -1 -1 -1
672 438 10 -1 -1 -1 -1
673 439 10 -1 -1 -1 -1
674 440 10 -1 -1 -1 -1
675 441 10 -1 -1 -1 -1
676 442 10 -1 -1 -1 -1
677 443 10 -1 -1 -1 -1
678 444 10 -1 -1 -1 -1
679 445 10 -1 -1 -1 -1
680 446 10 -1 -1 -1 -1
681 447 10 -1 -1 -1 -1
682 448 10 -1 -1 -1 -1
683 449 10 -1 -1 -1 -1
684 450 10 -1 -1 -1 -1
685 451 10 -1 -1 -1 -1
686 452 10 -1 -1 -1 -1
687 453 10 -1 -1 -1 -1
688 454 10 -1 -1 -1 -1
689 455 10 -1 -1 -1 -1
690 456 10 -1 -1 -1 -1
691 457 10 -1 -1 -1 -1
692 458 10 -1 -1 -1 -1
693 459 10 -1 -1 -1 -1
694 460 10 -1 -1 -1 -1
695 461 10 -1 -1 -1 -1
696 462 10 -1 -1 -1 -1
697 463 10 -1 -1 -1 -1
698 464 10 -1 -1 -1 -1
699 465 10 -1 -1 -1 -1
700 466 10 -1 -1 -1 -1
701 467 10 -1 -1 -1 -1
702 468 10 -1 -1 -1 -1
703 469 10 -1 -1 -1 -1
704 470 10 -1 -1 -1 -1
705 471 10 -1 -1 -1 -1
706 472 10 -1 -1 -1 -1
707 473 10 -1 -1 -1 -1
708 474 10 -1 -1 -1 -1
709 475 10 -1 -1 -1 -1
710 476 10 -1 -1 -1 -1
711 477 10 -1 -1 -1 -1
712 478 10 -1 -1 -1 -1
713 479 10 -1 -1 -1 -1
714 480 10 -1 -1 -1 -1
715 481 10 -1 -1 -1 -1
716 482 10 -1 -1 -1 -1
717 483 10 -1 -1 -1 -1
718 484 10 -1 -1 -1 -1
719 485 10 -1 -1 -1 -1
720 486 10 -1 -1 -1 -1
721 487 10 -1 -1 -1 -1
722 488 10 -1 -1 -1 -1
723 489 10 -1 -1 -1 -1
724 490 10 -1 -1 -1 -1
725 491 10 -1 -1 -1 -1
726 492 10 -1 -1 -1 -1
727 493 10 -1 -1 -1 -1
728 494 10 -1 -1 -1 -1
729 495 10 -1 -1 -1 -1
730 496 10 -1 -1 -1 -1
731 497 10 -1 -1 -1 -1
732 498 10 -1 -1 -1 -1
733 499 10 -1 -1 -1 -1
734 500 10 -1 -1 -1 -1
735 501 10 -1 -1 -1 -1
736 502 10 -1 -1 -1 -1
737 503 10 -1 -1 -1 -1
738 504 10 -1 -1 -1 -1
739 505 10 -1 -1 -1 -1
740 506 10 -1 -1 -1 -1
741 507 10 -1 -1 -1 -1
742 508 10 -1 -1 -1 -1
743 509 10 -1 -1 -1 -1
744 510 10 -1 -1 -1 -1
745 511 10 -1 -1 -1 -1
746 512 10 -1 -1 -1 -1
747 513 10 -1 -1 -1 -1
748 514 10 -1 -1 -1 -1
749 515 10 -1 -1 -1 -1
750 516 10 -1 -1 -1 -1
751 517 10 -1 -1 -1 -1
752 518 10 -1 -1 -1 -1
753 519 10 -1 -1 -1 -1
754 520 10 -1 -1 -1 -1
755 521 10 -1 -1 -1 -1
756 522 10 -1 -1 -1 -1
757 523 10 -1 -1 -1 -1
758 524 10 -1 -1 -1 -1
759 525 10 -1 -1 -1 -1
760 526 10 -1 -1 -1 -1
761 527 10 -1 -1 -1 -1
762 528 10 -1 -1 -1 -1
763 529 10 -1 -1 -1 -1
764 530 10 -1 -1 -1 -1
765 531 10 -1 -1 -1 -1
766 532 10 -1 -1 -1 -1
767 533 10 -1 -1 -1 -1
768 534 10 -1 -1 -1 -1
769 535 10 -1 -1 -1 -1
770 536 10 -1 -1 -1 -1
771 537 10 -1 -1 -1 -1
772 538 10 -1 -1 -1 -1
773 539 10 -1 -1 -1 -1
774 540 10 -1 -1 -1 -1
775 541 10 -1 -1 -1 -1
776 542 10 -1 -1 -1 -1
777 543 10 -1 -1 -1 -1
778 544 10 -1 -1 -1 -1
779 545 10 -1 -1 -1 -1
780 546 10 -1 -1 -1 -1
781 547 10 -1 -1 -1 -1
782 548 10 -1 -1 -1 -1
783 549 10 -1 -1 -1 -1
784 550 10 -1 -1 -1 -1
785 551 10 -1 -1 -1 -1
786 552 10 -1 -1 -1 -1
787 553 10 -1 -1 -1 -1
788 554 10 -1 -1 -1 -1
789 555 10 -1 -1 -1 -1
790 556 10 -1 -1 -1 -1
791 557 10 -1 -1 -1 -1
792 558 10 -1 -1 -1 -1
793 559 10 -1 -1 -1 -1
794 560 10 -1 -1 -1 -1
795 561 10 -1 -1 -1 -1
796 562 10 -1 -1 -1 -1
797 563 10 -1 -1 -1 -1
798 564 10 -1 -1 -1 -1
799 565 10 -1 -1 -1 -1
800 566 10 -1 -1 -1 -1
801 567 10 -1 -1 -1 -1
802 568 10 -1 -1 -1 -1
803 569 10 -1 -1 -1 -1
804 570 10 -1 -1 -1 -1
805 571 10 -1 -1 -1 -1
806 572 10 -1 -1 -1 -1
807 573 10 -1 -1 -1 -1
808 574 10 -1 -1 -1 -1
809 575 10 -1 -1 -1 -1
810 576 10 -1 -1 -1 -1
811 577 10 -1 -1 -1 -1
812 578 10 -1 -1 -1 -1
813 579 10 -1 -1 -1 -1
814 580 10 -1 -1 -1 -1
815 581 10 -1 -1 -1 -1
816 582 10 -1 -1 -1 -1
817 583 10 -1 -1 -1 -1
818 584 10 -1 -1 -1 -1
819 585 10 -1 -1 -1 -1
820 586 10 -1 -1 -1 -1
821 587 10 -1 -1 -1 -1
822 588 10 -1 -1 -1 -1
823 589 10 -1 -1 -1 -1
824 590 10 -1 -1 -1 -1
825 591 10 -1 -1 -1 -1
826 592 10 -1 -1 -1 -1
827 593 10 -1 -1 -1 -1
828 594 10 -1 -1 -1 -1
829 595 10 -1 -1 -1 -1
830 596 10 -1 -1 -1 -1
831 597 10 -1 -1 -1 -1
832 598 10 -1 -1 -1 -1
833 599 10 -1 -1 -1 -1
