2 20 20 
8
0 -1 0 0 1 2 -1
1 0 1 1 3 4 -1
2 0 1 1 5 6 -1
3 1 2 0 7 8 -1
4 1 2 0 9 10 -1
5 2 2 1 11 12 -1
6 2 2 0 13 14 -1
7 3 3 1 15 16 -1
8 3 3 0 17 18 -1
9 4 3 0 19 20 -1
10 4 3 0 21 22 -1
11 5 3 0 23 24 -1
12 5 3 1 25 26 -1
13 6 3 0 27 28 -1
14 6 3 1 29 30 -1
15 7 4 0 31 32 -1
16 7 4 1 33 34 -1
17 8 4 0 35 36 -1
18 8 4 1 37 38 -1
19 9 4 1 39 40 -1
20 9 4 0 41 42 -1
21 10 4 0 43 44 -1
22 10 4 1 45 46 -1
23 11 4 1 47 48 -1
24 11 4 0 49 50 -1
25 12 4 0 51 52 -1
26 12 4 1 53 54 -1
27 13 4 0 55 56 -1
28 13 4 0 57 58 -1
29 14 4 1 59 60 -1
30 14 4 0 61 62 -1
31 15 5 1 63 64 -1
32 15 5 1 65 66 -1
33 16 5 0 67 68 -1
34 16 5 1 69 70 -1
35 17 5 1 71 72 -1
36 17 5 1 73 74 -1
37 18 5 0 75 76 -1
38 18 5 0 77 78 -1
39 19 5 0 79 80 -1
40 19 5 0 81 82 -1
41 20 5 0 83 84 -1
42 20 5 1 85 86 -1
43 21 5 1 87 88 -1
44 21 5 0 89 90 -1
45 22 5 1 91 92 -1
46 22 5 1 93 94 -1
47 23 5 1 95 96 -1
48 23 5 0 97 98 -1
49 24 5 1 99 100 -1
50 24 5 1 101 102 -1
51 25 5 0 103 104 -1
52 25 5 0 105 106 -1
53 26 5 0 107 108 -1
54 26 5 0 109 110 -1
55 27 5 0 111 112 -1
56 27 5 1 113 114 -1
57 28 5 1 115 116 -1
58 28 5 0 117 118 -1
59 29 5 0 119 120 -1
60 29 5 0 121 122 -1
61 30 5 1 123 124 -1
62 30 5 1 125 126 -1
63 31 6 1 127 128 -1
64 31 6 0 -1 -1 129
65 32 6 1 130 131 -1
66 32 6 0 -1 -1 132
67 33 6 1 -1 -1 133
68 33 6 0 134 135 -1
69 34 6 0 -1 -1 136
70 34 6 1 137 138 -1
71 35 6 0 139 140 -1
72 35 6 0 141 142 -1
73 36 6 0 143 144 -1
74 36 6 0 145 146 -1
75 37 6 0 -1 -1 147
76 37 6 0 -1 -1 148
77 38 6 1 149 150 -1
78 38 6 1 -1 -1 151
79 39 6 0 152 153 -1
80 39 6 0 154 155 -1
81 40 6 0 -1 -1 156
82 40 6 0 157 158 -1
83 41 6 1 159 160 -1
84 41 6 1 -1 -1 161
85 42 6 0 -1 -1 162
86 42 6 1 163 164 -1
87 43 6 0 165 166 -1
88 43 6 0 -1 -1 167
89 44 6 1 -1 -1 168
90 44 6 1 169 170 -1
91 45 6 0 -1 -1 171
92 45 6 1 172 173 -1
93 46 6 0 -1 -1 174
94 46 6 0 175 176 -1
95 47 6 0 -1 -1 177
96 47 6 1 178 179 -1
97 48 6 0 180 181 -1
98 48 6 1 -1 -1 182
99 49 6 0 -1 -1 183
100 49 6 1 184 185 -1
101 50 6 0 186 187 -1
102 50 6 1 -1 -1 188
103 51 6 0 189 190 -1
104 51 6 0 -1 -1 191
105 52 6 1 -1 -1 192
106 52 6 0 -1 -1 193
107 53 6 0 194 195 -1
108 53 6 1 196 197 -1
109 54 6 1 -1 -1 198
110 54 6 0 -1 -1 199
111 55 6 0 200 201 -1
112 55 6 0 -1 -1 202
113 56 6 0 -1 -1 203
114 56 6 1 -1 -1 204
115 57 6 1 -1 -1 205
116 57 6 1 -1 -1 206
117 58 6 0 -1 -1 207
118 58 6 0 208 209 -1
119 59 6 0 -1 -1 210
120 59 6 1 211 212 -1
121 60 6 0 -1 -1 213
122 60 6 0 214 215 -1
123 61 6 1 216 217 -1
124 61 6 0 218 219 -1
125 62 6 1 220 221 -1
126 62 6 0 222 223 -1
127 63 7 1 224 225 -1
128 63 7 0 226 227 -1
129 64 7 1 -1 -1 228
130 65 7 0 229 230 -1
131 65 7 0 231 232 -1
132 66 7 1 -1 -1 233
133 67 7 1 234 235 -1
134 68 7 1 236 237 -1
135 68 7 0 -1 -1 238
136 69 7 1 239 240 -1
137 70 7 0 -1 -1 241
138 70 7 1 -1 -1 242
139 71 7 1 243 244 -1
140 71 7 0 -1 -1 245
141 72 7 0 -1 -1 246
142 72 7 1 247 248 -1
143 73 7 0 -1 -1 249
144 73 7 0 250 251 -1
145 74 7 0 252 253 -1
146 74 7 0 254 255 -1
147 75 7 1 256 257 -1
148 76 7 1 -1 -1 258
149 77 7 1 259 260 -1
150 77 7 1 261 262 -1
151 78 7 1 263 264 -1
152 79 7 1 265 266 -1
153 79 7 0 267 268 -1
154 80 7 1 -1 -1 269
155 80 7 0 270 271 -1
156 81 7 0 -1 -1 272
157 82 7 1 273 274 -1
158 82 7 1 275 276 -1
159 83 7 1 277 278 -1
160 83 7 0 -1 -1 279
161 84 7 1 -1 -1 280
162 85 7 0 -1 -1 281
163 86 7 1 -1 -1 282
164 86 7 0 -1 -1 283
165 87 7 0 284 285 -1
166 87 7 1 -1 -1 286
167 88 7 0 287 288 -1
168 89 7 1 289 290 -1
169 90 7 0 -1 -1 291
170 90 7 0 292 293 -1
171 91 7 0 294 295 -1
172 92 7 0 296 297 -1
173 92 7 0 298 299 -1
174 93 7 1 -1 -1 300
175 94 7 1 -1 -1 301
176 94 7 1 302 303 -1
177 95 7 0 -1 -1 304
178 96 7 1 -1 -1 305
179 96 7 1 -1 -1 306
180 97 7 1 -1 -1 307
181 97 7 0 308 309 -1
182 98 7 0 -1 -1 310
183 99 7 1 -1 -1 311
184 100 7 0 -1 -1 312
185 100 7 1 313 314 -1
186 101 7 0 -1 -1 315
187 101 7 1 -1 -1 316
188 102 7 0 -1 -1 317
189 103 7 0 -1 -1 318
190 103 7 1 -1 -1 319
191 104 7 0 320 321 -1
192 105 7 1 322 323 -1
193 106 7 0 324 325 -1
194 107 7 1 326 327 -1
195 107 7 1 -1 -1 328
196 108 7 1 329 330 -1
197 108 7 1 331 332 -1
198 109 7 1 -1 -1 333
199 110 7 1 334 335 -1
200 111 7 1 336 337 -1
201 111 7 1 -1 -1 338
202 112 7 0 339 340 -1
203 113 7 0 -1 -1 341
204 114 7 0 342 343 -1
205 115 7 0 -1 -1 344
206 116 7 1 -1 -1 345
207 117 7 0 346 347 -1
208 118 7 1 348 349 -1
209 118 7 0 350 351 -1
210 119 7 0 352 353 -1
211 120 7 1 -1 -1 354
212 120 7 0 355 356 -1
213 121 7 0 -1 -1 357
214 122 7 0 358 359 -1
215 122 7 0 360 361 -1
216 123 7 1 -1 -1 362
217 123 7 1 363 364 -1
218 124 7 0 365 366 -1
219 124 7 0 -1 -1 367
220 125 7 1 368 369 -1
221 125 7 1 370 371 -1
222 126 7 0 -1 -1 372
223 126 7 1 -1 -1 373
224 127 8 -1 -1 -1 -1
225 127 8 -1 -1 -1 -1
226 128 8 -1 -1 -1 -1
227 128 8 -1 -1 -1 -1
228 129 8 -1 -1 -1 -1
229 130 8 -1 -1 -1 -1
230 130 8 -1 -1 -1 -1
231 131 8 -1 -1 -1 -1
232 131 8 -1 -1 -1 -1
233 132 8 -1 -1 -1 -1
234 133 8 -1 -1 -1 -1
235 133 8 -1 -1 -1 -1
236 134 8 -1 -1 -1 -1
237 134 8 -1 -1 -1 -1
238 135 8 -1 -1 -1 -1
239 136 8 -1 -1 -1 -1
240 136 8 -1 -1 -1 -1
241 137 8 -1 -1 -1 -1
242 138 8 -1 -1 -1 -1
243 139 8 -1 -1 -1 -1
244 139 8 -1 -1 -1 -1
245 140 8 -1 -1 -1 -1
246 141 8 -1 -1 -1 -1
247 142 8 -1 -1 -1 -1
248 142 8 -1 -1 -1 -1
249 143 8 -1 -1 -1 -1
250 144 8 -1 -1 -1 -1
251 144 8 -1 -1 -1 -1
252 145 8 -1 -1 -1 -1
253 145 8 -1 -1 -1 -1
254 146 8 -1 -1 -1 -1
255 146 8 -1 -1 -1 -1
256 147 8 -1 -1 -1 -1
257 147 8 -1 -1 -1 -1
258 148 8 -1 -1 -1 -1
259 149 8 -1 -1 -1 -1
260 149 8 -1 -1 -1 -1
261 150 8 -1 -1 -1 -1
262 150 8 -1 -1 -1 -1
263 151 8 -1 -1 -1 -1
264 151 8 -1 -1 -1 -1
265 152 8 -1 -1 -1 -1
266 152 8 -1 -1 -1 -1
267 153 8 -1 -1 -1 -1
268 153 8 -1 -1 -1 -1
269 154 8 -1 -1 -1 -1
270 155 8 -1 -1 -1 -1
271 155 8 -1 -1 -1 -1
272 156 8 -1 -1 -1 -1
273 157 8 -1 -1 -1 -1
274 157 8 -1 -1 -1 -1
275 158 8 -1 -1 -1 -1
276 158 8 -1 -1 -1 -1
277 159 8 -1 -1 -1 -1
278 159 8 -1 -1 -1 -1
279 160 8 -1 -1 -1 -1
280 161 8 -1 -1 -1 -1
281 162 8 -1 -1 -1 -1
282 163 8 -1 -1 -1 -1
283 164 8 -1 -1 -1 -1
284 165 8 -1 -1 -1 -1
285 165 8 -1 -1 -1 -1
286 166 8 -1 -1 -1 -1
287 167 8 -1 -1 -1 -1
288 167 8 -1 -1 -1 -1
289 168 8 -1 -1 -1 -1
290 168 8 -1 -1 -1 -1
291 169 8 -1 -1 -1 -1
292 170 8 -1 -1 -1 -1
293 170 8 -1 -1 -1 -1
294 171 8 -1 -1 -1 -1
295 171 8 -1 -1 -1 -1
296 172 8 -1 -1 -1 -1
297 172 8 -1 -1 -1 -1
298 173 8 -1 -1 -1 -1
299 173 8 -1 -1 -1 -1
300 174 8 -1 -1 -1 -1
301 175 8 -1 -1 -1 -1
302 176 8 -1 -1 -1 -1
303 176 8 -1 -1 -1 -1
304 177 8 -1 -1 -1 -1
305 178 8 -1 -1 -1 -1
306 179 8 -1 -1 -1 -1
307 180 8 -1 -1 -1 -1
308 181 8 -1 -1 -1 -1
309 181 8 -1 -1 -1 -1
310 182 8 -1 -1 -1 -1
311 183 8 -1 -1 -1 -1
312 184 8 -1 -1 -1 -1
313 185 8 -1 -1 -1 -1
314 185 8 -1 -1 -1 -1
315 186 8 -1 -1 -1 -1
316 187 8 -1 -1 -1 -1
317 188 8 -1 -1 -1 -1
318 189 8 -1 -1 -1 -1
319 190 8 -1 -1 -1 -1
320 191 8 -1 -1 -1 -1
321 191 8 -1 -1 -1 -1
322 192 8 -1 -1 -1 -1
323 192 8 -1 -1 -1 -1
324 193 8 -1 -1 -1 -1
325 193 8 -1 -1 -1 -1
326 194 8 -1 -1 -1 -1
327 194 8 -1 -1 -1 -1
328 195 8 -1 -1 -1 -1
329 196 8 -1 -1 -1 -1
330 196 8 -1 -1 -1 -1
331 197 8 -1 -1 -1 -1
332 197 8 -1 -1 -1 -1
333 198 8 -1 -1 -1 -1
334 199 8 -1 -1 -1 -1
335 199 8 -1 -1 -1 -1
336 200 8 -1 -1 -1 -1
337 200 8 -1 -1 -1 -1
338 201 8 -1 -1 -1 -1
339 202 8 -1 -1 -1 -1
340 202 8 -1 -1 -1 -1
341 203 8 -1 -1 -1 -1
342 204 8 -1 -1 -1 -1
343 204 8 -1 -1 -1 -1
344 205 8 -1 -1 -1 -1
345 206 8 -1 -1 -1 -1
346 207 8 -1 -1 -1 -1
347 207 8 -1 -1 -1 -1
348 208 8 -1 -1 -1 -1
349 208 8 -1 -1 -1 -1
350 209 8 -1 -1 -1 -1
351 209 8 -1 -1 -1 -1
352 210 8 -1 -1 -1 -1
353 210 8 -1 -1 -1 -1
354 211 8 -1 -1 -1 -1
355 212 8 -1 -1 -1 -1
356 212 8 -1 -1 -1 -1
357 213 8 -1 -1 -1 -1
358 214 8 -1 -1 -1 -1
359 214 8 -1 -1 -1 -1
360 215 8 -1 -1 -1 -1
361 215 8 -1 -1 -1 -1
362 216 8 -1 -1 -1 -1
363 217 8 -1 -1 -1 -1
364 217 8 -1 -1 -1 -1
365 218 8 -1 -1 -1 -1
366 218 8 -1 -1 -1 -1
367 219 8 -1 -1 -1 -1
368 220 8 -1 -1 -1 -1
369 220 8 -1 -1 -1 -1
370 221 8 -1 -1 -1 -1
371 221 8 -1 -1 -1 -1
372 222 8 -1 -1 -1 -1
373 223 8 -1 -1 -1 -1
