2 20 20 
8
0 -1 0 1 1 2 -1
1 0 1 0 3 4 -1
2 0 1 0 5 6 -1
3 1 2 1 7 8 -1
4 1 2 1 9 10 -1
5 2 2 1 11 12 -1
6 2 2 1 13 14 -1
7 3 3 0 15 16 -1
8 3 3 0 17 18 -1
9 4 3 0 19 20 -1
10 4 3 1 21 22 -1
11 5 3 0 23 24 -1
12 5 3 0 25 26 -1
13 6 3 1 27 28 -1
14 6 3 1 29 30 -1
15 7 4 0 31 32 -1
16 7 4 1 33 34 -1
17 8 4 1 35 36 -1
18 8 4 0 37 38 -1
19 9 4 0 39 40 -1
20 9 4 0 41 42 -1
21 10 4 1 43 44 -1
22 10 4 1 45 46 -1
23 11 4 1 47 48 -1
24 11 4 1 49 50 -1
25 12 4 0 51 52 -1
26 12 4 1 53 54 -1
27 13 4 0 55 56 -1
28 13 4 1 57 58 -1
29 14 4 0 59 60 -1
30 14 4 1 61 62 -1
31 15 5 1 63 64 -1
32 15 5 0 65 66 -1
33 16 5 0 67 68 -1
34 16 5 0 69 70 -1
35 17 5 0 71 72 -1
36 17 5 0 73 74 -1
37 18 5 0 75 76 -1
38 18 5 0 77 78 -1
39 19 5 0 79 80 -1
40 19 5 0 81 82 -1
41 20 5 0 83 84 -1
42 20 5 0 85 86 -1
43 21 5 0 87 88 -1
44 21 5 0 89 90 -1
45 22 5 0 91 92 -1
46 22 5 0 93 94 -1
47 23 5 0 95 96 -1
48 23 5 0 97 98 -1
49 24 5 0 99 100 -1
50 24 5 0 101 102 -1
51 25 5 0 103 104 -1
52 25 5 0 105 106 -1
53 26 5 0 107 108 -1
54 26 5 0 109 110 -1
55 27 5 0 111 112 -1
56 27 5 0 113 114 -1
57 28 5 0 115 116 -1
58 28 5 0 117 118 -1
59 29 5 0 119 120 -1
60 29 5 0 121 122 -1
61 30 5 0 123 124 -1
62 30 5 0 125 126 -1
63 31 6 0 -1 -1 127
64 31 6 0 128 129 -1
65 32 6 1 130 131 -1
66 32 6 0 -1 -1 132
67 33 6 1 133 134 -1
68 33 6 1 135 136 -1
69 34 6 1 137 138 -1
70 34 6 1 139 140 -1
71 35 6 1 141 142 -1
72 35 6 1 -1 -1 143
73 36 6 1 144 145 -1
74 36 6 0 -1 -1 146
75 37 6 1 -1 -1 147
76 37 6 1 148 149 -1
77 38 6 0 -1 -1 150
78 38 6 0 -1 -1 151
79 39 6 1 152 153 -1
80 39 6 1 -1 -1 154
81 40 6 0 -1 -1 155
82 40 6 0 -1 -1 156
83 41 6 0 -1 -1 157
84 41 6 1 158 159 -1
85 42 6 1 -1 -1 160
86 42 6 0 -1 -1 161
87 43 6 1 -1 -1 162
88 43 6 0 -1 -1 163
89 44 6 1 164 165 -1
90 44 6 1 -1 -1 166
91 45 6 1 -1 -1 167
92 45 6 1 168 169 -1
93 46 6 1 -1 -1 170
94 46 6 1 171 172 -1
95 47 6 0 173 174 -1
96 47 6 1 175 176 -1
97 48 6 0 177 178 -1
98 48 6 0 -1 -1 179
99 49 6 1 -1 -1 180
100 49 6 0 181 182 -1
101 50 6 1 -1 -1 183
102 50 6 0 184 185 -1
103 51 6 1 186 187 -1
104 51 6 1 188 189 -1
105 52 6 1 190 191 -1
106 52 6 0 -1 -1 192
107 53 6 1 -1 -1 193
108 53 6 1 194 195 -1
109 54 6 1 -1 -1 196
110 54 6 0 197 198 -1
111 55 6 1 -1 -1 199
112 55 6 1 -1 -1 200
113 56 6 0 -1 -1 201
114 56 6 1 -1 -1 202
115 57 6 1 203 204 -1
116 57 6 0 -1 -1 205
117 58 6 1 206 207 -1
118 58 6 1 208 209 -1
119 59 6 0 -1 -1 210
120 59 6 0 211 212 -1
121 60 6 1 -1 -1 213
122 60 6 1 -1 -1 214
123 61 6 0 -1 -1 215
124 61 6 0 -1 -1 216
125 62 6 0 -1 -1 217
126 62 6 1 218 219 -1
127 63 7 -1 -1 -1 -1
128 64 7 -1 -1 -1 -1
129 64 7 -1 -1 -1 -1
130 65 7 -1 -1 -1 -1
131 65 7 -1 -1 -1 -1
132 66 7 -1 -1 -1 -1
133 67 7 -1 -1 -1 -1
134 67 7 -1 -1 -1 -1
135 68 7 -1 -1 -1 -1
136 68 7 -1 -1 -1 -1
137 69 7 -1 -1 -1 -1
138 69 7 -1 -1 -1 -1
139 70 7 -1 -1 -1 -1
140 70 7 -1 -1 -1 -1
141 71 7 -1 -1 -1 -1
142 71 7 -1 -1 -1 -1
143 72 7 -1 -1 -1 -1
144 73 7 -1 -1 -1 -1
145 73 7 -1 -1 -1 -1
146 74 7 -1 -1 -1 -1
147 75 7 -1 -1 -1 -1
148 76 7 -1 -1 -1 -1
149 76 7 -1 -1 -1 -1
150 77 7 -1 -1 -1 -1
151 78 7 -1 -1 -1 -1
152 79 7 -1 -1 -1 -1
153 79 7 -1 -1 -1 -1
154 80 7 -1 -1 -1 -1
155 81 7 -1 -1 -1 -1
156 82 7 -1 -1 -1 -1
157 83 7 -1 -1 -1 -1
158 84 7 -1 -1 -1 -1
159 84 7 -1 -1 -1 -1
160 85 7 -1 -1 -1 -1
161 86 7 -1 -1 -1 -1
162 87 7 -1 -1 -1 -1
163 88 7 -1 -1 -1 -1
164 89 7 -1 -1 -1 -1
165 89 7 -1 -1 -1 -1
166 90 7 -1 -1 -1 -1
167 91 7 -1 -1 -1 -1
168 92 7 -1 -1 -1 -1
169 92 7 -1 -1 -1 -1
170 93 7 -1 -1 -1 -1
171 94 7 -1 -1 -1 -1
172 94 7 -1 -1 -1 -1
173 95 7 -1 -1 -1 -1
174 95 7 -1 -1 -1 -1
175 96 7 -1 -1 -1 -1
176 96 7 -1 -1 -1 -1
177 97 7 -1 -1 -1 -1
178 97 7 -1 -1 -1 -1
179 98 7 -1 -1 -1 -1
180 99 7 -1 -1 -1 -1
181 100 7 -1 -1 -1 -1
182 100 7 -1 -1 -1 -1
183 101 7 -1 -1 -1 -1
184 102 7 -1 -1 -1 -1
185 102 7 -1 -1 -1 -1
186 103 7 -1 -1 -1 -1
187 103 7 -1 -1 -1 -1
188 104 7 -1 -1 -1 -1
189 104 7 -1 -1 -1 -1
190 105 7 -1 -1 -1 -1
191 105 7 -1 -1 -1 -1
192 106 7 -1 -1 -1 -1
193 107 7 -1 -1 -1 -1
194 108 7 -1 -1 -1 -1
195 108 7 -1 -1 -1 -1
196 109 7 -1 -1 -1 -1
197 110 7 -1 -1 -1 -1
198 110 7 -1 -1 -1 -1
199 111 7 -1 -1 -1 -1
200 112 7 -1 -1 -1 -1
201 113 7 -1 -1 -1 -1
202 114 7 -1 -1 -1 -1
203 115 7 -1 -1 -1 -1
204 115 7 -1 -1 -1 -1
205 116 7 -1 -1 -1 -1
206 117 7 -1 -1 -1 -1
207 117 7 -1 -1 -1 -1
208 118 7 -1 -1 -1 -1
209 118 7 -1 -1 -1 -1
210 119 7 -1 -1 -1 -1
211 120 7 -1 -1 -1 -1
212 120 7 -1 -1 -1 -1
213 121 7 -1 -1 -1 -1
214 122 7 -1 -1 -1 -1
215 123 7 -1 -1 -1 -1
216 124 7 -1 -1 -1 -1
217 125 7 -1 -1 -1 -1
218 126 7 -1 -1 -1 -1
219 126 7 -1 -1 -1 -1
