2 20 20 
8
0 -1 0 0 1 2 -1
1 0 1 1 3 4 -1
2 0 1 0 5 6 -1
3 1 2 0 7 8 -1
4 1 2 0 9 10 -1
5 2 2 0 11 12 -1
6 2 2 0 13 14 -1
7 3 3 1 15 16 -1
8 3 3 0 17 18 -1
9 4 3 0 19 20 -1
10 4 3 0 21 22 -1
11 5 3 0 23 24 -1
12 5 3 0 25 26 -1
13 6 3 1 27 28 -1
14 6 3 1 29 30 -1
15 7 4 0 31 32 -1
16 7 4 0 33 34 -1
17 8 4 0 35 36 -1
18 8 4 1 37 38 -1
19 9 4 1 39 40 -1
20 9 4 0 41 42 -1
21 10 4 0 43 44 -1
22 10 4 0 45 46 -1
23 11 4 1 47 48 -1
24 11 4 1 49 50 -1
25 12 4 1 51 52 -1
26 12 4 1 53 54 -1
27 13 4 0 55 56 -1
28 13 4 0 57 58 -1
29 14 4 0 59 60 -1
30 14 4 1 61 62 -1
31 15 5 0 63 64 -1
32 15 5 1 65 66 -1
33 16 5 1 67 68 -1
34 16 5 1 69 70 -1
35 17 5 0 71 72 -1
36 17 5 1 73 74 -1
37 18 5 0 75 76 -1
38 18 5 1 77 78 -1
39 19 5 0 79 80 -1
40 19 5 1 81 82 -1
41 20 5 0 83 84 -1
42 20 5 1 85 86 -1
43 21 5 1 87 88 -1
44 21 5 0 89 90 -1
45 22 5 0 91 92 -1
46 22 5 0 93 94 -1
47 23 5 0 95 96 -1
48 23 5 1 97 98 -1
49 24 5 1 99 100 -1
50 24 5 1 101 102 -1
51 25 5 0 103 104 -1
52 25 5 1 105 106 -1
53 26 5 1 107 108 -1
54 26 5 0 109 110 -1
55 27 5 0 111 112 -1
56 27 5 0 113 114 -1
57 28 5 0 115 116 -1
58 28 5 1 117 118 -1
59 29 5 0 119 120 -1
60 29 5 1 121 122 -1
61 30 5 0 123 124 -1
62 30 5 1 125 126 -1
63 31 6 -1 -1 -1 -1
64 31 6 -1 -1 -1 -1
65 32 6 -1 -1 -1 -1
66 32 6 -1 -1 -1 -1
67 33 6 -1 -1 -1 -1
68 33 6 -1 -1 -1 -1
69 34 6 -1 -1 -1 -1
70 34 6 -1 -1 -1 -1
71 35 6 -1 -1 -1 -1
72 35 6 -1 -1 -1 -1
73 36 6 -1 -1 -1 -1
74 36 6 -1 -1 -1 -1
75 37 6 -1 -1 -1 -1
76 37 6 -1 -1 -1 -1
77 38 6 -1 -1 -1 -1
78 38 6 -1 -1 -1 -1
79 39 6 -1 -1 -1 -1
80 39 6 -1 -1 -1 -1
81 40 6 -1 -1 -1 -1
82 40 6 -1 -1 -1 -1
83 41 6 -1 -1 -1 -1
84 41 6 -1 -1 -1 -1
85 42 6 -1 -1 -1 -1
86 42 6 -1 -1 -1 -1
87 43 6 -1 -1 -1 -1
88 43 6 -1 -1 -1 -1
89 44 6 -1 -1 -1 -1
90 44 6 -1 -1 -1 -1
91 45 6 -1 -1 -1 -1
92 45 6 -1 -1 -1 -1
93 46 6 -1 -1 -1 -1
94 46 6 -1 -1 -1 -1
95 47 6 -1 -1 -1 -1
96 47 6 -1 -1 -1 -1
97 48 6 -1 -1 -1 -1
98 48 6 -1 -1 -1 -1
99 49 6 -1 -1 -1 -1
100 49 6 -1 -1 -1 -1
101 50 6 -1 -1 -1 -1
102 50 6 -1 -1 -1 -1
103 51 6 -1 -1 -1 -1
104 51 6 -1 -1 -1 -1
105 52 6 -1 -1 -1 -1
106 52 6 -1 -1 -1 -1
107 53 6 -1 -1 -1 -1
108 53 6 -1 -1 -1 -1
109 54 6 -1 -1 -1 -1
110 54 6 -1 -1 -1 -1
111 55 6 -1 -1 -1 -1
112 55 6 -1 -1 -1 -1
113 56 6 -1 -1 -1 -1
114 56 6 -1 -1 -1 -1
115 57 6 -1 -1 -1 -1
116 57 6 -1 -1 -1 -1
117 58 6 -1 -1 -1 -1
118 58 6 -1 -1 -1 -1
119 59 6 -1 -1 -1 -1
120 59 6 -1 -1 -1 -1
121 60 6 -1 -1 -1 -1
122 60 6 -1 -1 -1 -1
123 61 6 -1 -1 -1 -1
124 61 6 -1 -1 -1 -1
125 62 6 -1 -1 -1 -1
126 62 6 -1 -1 -1 -1
