2 20 20 
8
0 -1 0 0 1 2 -1
1 0 1 1 3 4 -1
2 0 1 0 5 6 -1
3 1 2 1 7 8 -1
4 1 2 0 9 10 -1
5 2 2 0 11 12 -1
6 2 2 0 13 14 -1
7 3 3 1 15 16 -1
8 3 3 0 17 18 -1
9 4 3 1 19 20 -1
10 4 3 0 21 22 -1
11 5 3 1 23 24 -1
12 5 3 1 25 26 -1
13 6 3 0 27 28 -1
14 6 3 0 29 30 -1
15 7 4 1 31 32 -1
16 7 4 1 33 34 -1
17 8 4 1 35 36 -1
18 8 4 1 37 38 -1
19 9 4 0 39 40 -1
20 9 4 1 41 42 -1
21 10 4 0 43 44 -1
22 10 4 1 45 46 -1
23 11 4 0 47 48 -1
24 11 4 0 49 50 -1
25 12 4 1 51 52 -1
26 12 4 1 53 54 -1
27 13 4 1 55 56 -1
28 13 4 1 57 58 -1
29 14 4 1 59 60 -1
30 14 4 1 61 62 -1
31 15 5 0 63 64 -1
32 15 5 0 65 66 -1
33 16 5 1 67 68 -1
34 16 5 1 69 70 -1
35 17 5 1 71 72 -1
36 17 5 1 73 74 -1
37 18 5 0 75 76 -1
38 18 5 0 77 78 -1
39 19 5 1 79 80 -1
40 19 5 0 81 82 -1
41 20 5 0 83 84 -1
42 20 5 1 85 86 -1
43 21 5 1 87 88 -1
44 21 5 1 89 90 -1
45 22 5 1 91 92 -1
46 22 5 1 93 94 -1
47 23 5 0 95 96 -1
48 23 5 1 97 98 -1
49 24 5 0 99 100 -1
50 24 5 0 101 102 -1
51 25 5 0 103 104 -1
52 25 5 0 105 106 -1
53 26 5 0 107 108 -1
54 26 5 1 109 110 -1
55 27 5 0 111 112 -1
56 27 5 0 113 114 -1
57 28 5 1 115 116 -1
58 28 5 0 117 118 -1
59 29 5 1 119 120 -1
60 29 5 0 121 122 -1
61 30 5 1 123 124 -1
62 30 5 0 125 126 -1
63 31 6 1 -1 -1 127
64 31 6 1 128 129 -1
65 32 6 1 -1 -1 130
66 32 6 0 -1 -1 131
67 33 6 1 132 133 -1
68 33 6 1 134 135 -1
69 34 6 0 136 137 -1
70 34 6 1 138 139 -1
71 35 6 1 -1 -1 140
72 35 6 0 141 142 -1
73 36 6 0 143 144 -1
74 36 6 0 -1 -1 145
75 37 6 1 146 147 -1
76 37 6 0 -1 -1 148
77 38 6 1 149 150 -1
78 38 6 0 151 152 -1
79 39 6 0 153 154 -1
80 39 6 1 155 156 -1
81 40 6 1 157 158 -1
82 40 6 0 -1 -1 159
83 41 6 1 160 161 -1
84 41 6 1 162 163 -1
85 42 6 1 -1 -1 164
86 42 6 1 -1 -1 165
87 43 6 1 -1 -1 166
88 43 6 0 167 168 -1
89 44 6 1 169 170 -1
90 44 6 0 -1 -1 171
91 45 6 1 -1 -1 172
92 45 6 0 173 174 -1
93 46 6 1 175 176 -1
94 46 6 1 -1 -1 177
95 47 6 1 178 179 -1
96 47 6 1 -1 -1 180
97 48 6 1 181 182 -1
98 48 6 0 183 184 -1
99 49 6 0 -1 -1 185
100 49 6 1 186 187 -1
101 50 6 0 188 189 -1
102 50 6 0 190 191 -1
103 51 6 1 192 193 -1
104 51 6 1 194 195 -1
105 52 6 1 196 197 -1
106 52 6 1 198 199 -1
107 53 6 0 200 201 -1
108 53 6 1 -1 -1 202
109 54 6 0 -1 -1 203
110 54 6 0 204 205 -1
111 55 6 0 206 207 -1
112 55 6 1 -1 -1 208
113 56 6 1 -1 -1 209
114 56 6 1 -1 -1 210
115 57 6 1 211 212 -1
116 57 6 0 -1 -1 213
117 58 6 1 -1 -1 214
118 58 6 0 215 216 -1
119 59 6 1 -1 -1 217
120 59 6 1 218 219 -1
121 60 6 1 220 221 -1
122 60 6 1 -1 -1 222
123 61 6 0 223 224 -1
124 61 6 1 -1 -1 225
125 62 6 1 -1 -1 226
126 62 6 0 -1 -1 227
127 63 7 1 -1 -1 228
128 64 7 0 -1 -1 229
129 64 7 1 -1 -1 230
130 65 7 1 231 232 -1
131 66 7 1 233 234 -1
132 67 7 0 -1 -1 235
133 67 7 1 236 237 -1
134 68 7 0 238 239 -1
135 68 7 0 240 241 -1
136 69 7 0 -1 -1 242
137 69 7 1 243 244 -1
138 70 7 0 245 246 -1
139 70 7 1 -1 -1 247
140 71 7 0 248 249 -1
141 72 7 1 -1 -1 250
142 72 7 0 251 252 -1
143 73 7 1 253 254 -1
144 73 7 1 -1 -1 255
145 74 7 1 256 257 -1
146 75 7 1 -1 -1 258
147 75 7 0 -1 -1 259
148 76 7 1 260 261 -1
149 77 7 1 262 263 -1
150 77 7 0 -1 -1 264
151 78 7 0 265 266 -1
152 78 7 0 -1 -1 267
153 79 7 1 -1 -1 268
154 79 7 1 269 270 -1
155 80 7 0 -1 -1 271
156 80 7 0 -1 -1 272
157 81 7 1 273 274 -1
158 81 7 1 275 276 -1
159 82 7 1 277 278 -1
160 83 7 0 -1 -1 279
161 83 7 1 280 281 -1
162 84 7 0 -1 -1 282
163 84 7 1 -1 -1 283
164 85 7 1 -1 -1 284
165 86 7 0 -1 -1 285
166 87 7 0 -1 -1 286
167 88 7 1 -1 -1 287
168 88 7 0 -1 -1 288
169 89 7 0 -1 -1 289
170 89 7 0 -1 -1 290
171 90 7 0 291 292 -1
172 91 7 0 293 294 -1
173 92 7 0 295 296 -1
174 92 7 1 -1 -1 297
175 93 7 1 -1 -1 298
176 93 7 1 299 300 -1
177 94 7 1 301 302 -1
178 95 7 0 -1 -1 303
179 95 7 0 304 305 -1
180 96 7 1 -1 -1 306
181 97 7 1 307 308 -1
182 97 7 0 309 310 -1
183 98 7 1 -1 -1 311
184 98 7 1 312 313 -1
185 99 7 1 314 315 -1
186 100 7 1 316 317 -1
187 100 7 1 -1 -1 318
188 101 7 1 -1 -1 319
189 101 7 0 320 321 -1
190 102 7 1 322 323 -1
191 102 7 0 -1 -1 324
192 103 7 0 -1 -1 325
193 103 7 1 -1 -1 326
194 104 7 0 -1 -1 327
195 104 7 0 -1 -1 328
196 105 7 1 329 330 -1
197 105 7 1 331 332 -1
198 106 7 0 333 334 -1
199 106 7 0 -1 -1 335
200 107 7 1 336 337 -1
201 107 7 1 338 339 -1
202 108 7 1 -1 -1 340
203 109 7 0 -1 -1 341
204 110 7 0 342 343 -1
205 110 7 1 -1 -1 344
206 111 7 0 345 346 -1
207 111 7 1 347 348 -1
208 112 7 0 -1 -1 349
209 113 7 1 -1 -1 350
210 114 7 1 351 352 -1
211 115 7 1 -1 -1 353
212 115 7 0 354 355 -1
213 116 7 0 356 357 -1
214 117 7 1 -1 -1 358
215 118 7 1 -1 -1 359
216 118 7 0 360 361 -1
217 119 7 1 -1 -1 362
218 120 7 1 363 364 -1
219 120 7 1 365 366 -1
220 121 7 0 -1 -1 367
221 121 7 1 -1 -1 368
222 122 7 1 369 370 -1
223 123 7 0 -1 -1 371
224 123 7 0 -1 -1 372
225 124 7 0 373 374 -1
226 125 7 1 375 376 -1
227 126 7 0 -1 -1 377
228 127 8 0 -1 -1 378
229 128 8 1 -1 -1 379
230 129 8 1 380 381 -1
231 130 8 0 382 383 -1
232 130 8 0 -1 -1 384
233 131 8 1 385 386 -1
234 131 8 1 387 388 -1
235 132 8 1 389 390 -1
236 133 8 1 -1 -1 391
237 133 8 0 392 393 -1
238 134 8 0 -1 -1 394
239 134 8 1 395 396 -1
240 135 8 0 -1 -1 397
241 135 8 1 398 399 -1
242 136 8 1 -1 -1 400
243 137 8 0 401 402 -1
244 137 8 1 -1 -1 403
245 138 8 1 -1 -1 404
246 138 8 0 -1 -1 405
247 139 8 0 -1 -1 406
248 140 8 0 -1 -1 407
249 140 8 1 -1 -1 408
250 141 8 0 409 410 -1
251 142 8 0 411 412 -1
252 142 8 1 -1 -1 413
253 143 8 1 414 415 -1
254 143 8 1 -1 -1 416
255 144 8 0 -1 -1 417
256 145 8 1 -1 -1 418
257 145 8 0 -1 -1 419
258 146 8 0 -1 -1 420
259 147 8 0 -1 -1 421
260 148 8 0 -1 -1 422
261 148 8 0 423 424 -1
262 149 8 0 -1 -1 425
263 149 8 1 -1 -1 426
264 150 8 1 -1 -1 427
265 151 8 1 -1 -1 428
266 151 8 0 -1 -1 429
267 152 8 0 -1 -1 430
268 153 8 0 -1 -1 431
269 154 8 1 -1 -1 432
270 154 8 0 -1 -1 433
271 155 8 1 -1 -1 434
272 156 8 0 -1 -1 435
273 157 8 0 -1 -1 436
274 157 8 0 437 438 -1
275 158 8 1 -1 -1 439
276 158 8 0 -1 -1 440
277 159 8 1 -1 -1 441
278 159 8 0 442 443 -1
279 160 8 1 -1 -1 444
280 161 8 1 -1 -1 445
281 161 8 1 -1 -1 446
282 162 8 0 447 448 -1
283 163 8 1 -1 -1 449
284 164 8 0 450 451 -1
285 165 8 0 -1 -1 452
286 166 8 1 453 454 -1
287 167 8 0 455 456 -1
288 168 8 1 457 458 -1
289 169 8 1 -1 -1 459
290 170 8 0 -1 -1 460
291 171 8 1 461 462 -1
292 171 8 0 -1 -1 463
293 172 8 1 -1 -1 464
294 172 8 0 465 466 -1
295 173 8 1 467 468 -1
296 173 8 0 -1 -1 469
297 174 8 1 -1 -1 470
298 175 8 1 -1 -1 471
299 176 8 1 -1 -1 472
300 176 8 1 473 474 -1
301 177 8 1 -1 -1 475
302 177 8 1 -1 -1 476
303 178 8 1 477 478 -1
304 179 8 0 479 480 -1
305 179 8 0 481 482 -1
306 180 8 0 -1 -1 483
307 181 8 1 -1 -1 484
308 181 8 0 485 486 -1
309 182 8 0 -1 -1 487
310 182 8 1 488 489 -1
311 183 8 1 -1 -1 490
312 184 8 1 -1 -1 491
313 184 8 1 492 493 -1
314 185 8 1 494 495 -1
315 185 8 1 496 497 -1
316 186 8 0 498 499 -1
317 186 8 0 500 501 -1
318 187 8 1 502 503 -1
319 188 8 1 -1 -1 504
320 189 8 0 505 506 -1
321 189 8 1 -1 -1 507
322 190 8 0 -1 -1 508
323 190 8 1 509 510 -1
324 191 8 0 511 512 -1
325 192 8 0 513 514 -1
326 193 8 0 515 516 -1
327 194 8 0 -1 -1 517
328 195 8 1 518 519 -1
329 196 8 1 520 521 -1
330 196 8 1 -1 -1 522
331 197 8 1 523 524 -1
332 197 8 1 -1 -1 525
333 198 8 0 526 527 -1
334 198 8 1 -1 -1 528
335 199 8 1 529 530 -1
336 200 8 1 531 532 -1
337 200 8 0 -1 -1 533
338 201 8 0 -1 -1 534
339 201 8 0 -1 -1 535
340 202 8 1 -1 -1 536
341 203 8 1 537 538 -1
342 204 8 1 -1 -1 539
343 204 8 0 540 541 -1
344 205 8 1 542 543 -1
345 206 8 1 -1 -1 544
346 206 8 1 545 546 -1
347 207 8 1 -1 -1 547
348 207 8 1 -1 -1 548
349 208 8 1 -1 -1 549
350 209 8 1 -1 -1 550
351 210 8 0 -1 -1 551
352 210 8 0 -1 -1 552
353 211 8 1 553 554 -1
354 212 8 1 -1 -1 555
355 212 8 1 556 557 -1
356 213 8 1 558 559 -1
357 213 8 1 560 561 -1
358 214 8 0 -1 -1 562
359 215 8 0 -1 -1 563
360 216 8 0 -1 -1 564
361 216 8 0 565 566 -1
362 217 8 0 567 568 -1
363 218 8 0 569 570 -1
364 218 8 0 571 572 -1
365 219 8 1 -1 -1 573
366 219 8 1 574 575 -1
367 220 8 1 -1 -1 576
368 221 8 1 -1 -1 577
369 222 8 0 578 579 -1
370 222 8 0 580 581 -1
371 223 8 0 582 583 -1
372 224 8 1 584 585 -1
373 225 8 0 -1 -1 586
374 225 8 1 -1 -1 587
375 226 8 0 -1 -1 588
376 226 8 0 -1 -1 589
377 227 8 0 -1 -1 590
378 228 9 1 -1 -1 591
379 229 9 0 -1 -1 592
380 230 9 0 -1 -1 593
381 230 9 0 -1 -1 594
382 231 9 0 -1 -1 595
383 231 9 0 -1 -1 596
384 232 9 1 -1 -1 597
385 233 9 1 -1 -1 598
386 233 9 0 -1 -1 599
387 234 9 0 -1 -1 600
388 234 9 0 -1 -1 601
389 235 9 1 -1 -1 602
390 235 9 1 -1 -1 603
391 236 9 0 -1 -1 604
392 237 9 0 -1 -1 605
393 237 9 0 -1 -1 606
394 238 9 1 -1 -1 607
395 239 9 0 -1 -1 608
396 239 9 0 -1 -1 609
397 240 9 0 -1 -1 610
398 241 9 1 -1 -1 611
399 241 9 1 -1 -1 612
400 242 9 0 -1 -1 613
401 243 9 0 -1 -1 614
402 243 9 1 -1 -1 615
403 244 9 0 -1 -1 616
404 245 9 0 -1 -1 617
405 246 9 0 -1 -1 618
406 247 9 0 -1 -1 619
407 248 9 0 -1 -1 620
408 249 9 1 -1 -1 621
409 250 9 0 -1 -1 622
410 250 9 0 -1 -1 623
411 251 9 1 -1 -1 624
412 251 9 0 -1 -1 625
413 252 9 1 -1 -1 626
414 253 9 0 -1 -1 627
415 253 9 1 -1 -1 628
416 254 9 0 -1 -1 629
417 255 9 1 -1 -1 630
418 256 9 0 -1 -1 631
419 257 9 0 -1 -1 632
420 258 9 0 -1 -1 633
421 259 9 0 -1 -1 634
422 260 9 0 -1 -1 635
423 261 9 0 -1 -1 636
424 261 9 0 -1 -1 637
425 262 9 1 -1 -1 638
426 263 9 0 -1 -1 639
427 264 9 0 -1 -1 640
428 265 9 1 -1 -1 641
429 266 9 1 -1 -1 642
430 267 9 0 -1 -1 643
431 268 9 0 -1 -1 644
432 269 9 1 -1 -1 645
433 270 9 1 -1 -1 646
434 271 9 0 -1 -1 647
435 272 9 1 -1 -1 648
436 273 9 0 -1 -1 649
437 274 9 0 -1 -1 650
438 274 9 1 -1 -1 651
439 275 9 1 -1 -1 652
440 276 9 1 -1 -1 653
441 277 9 1 -1 -1 654
442 278 9 1 -1 -1 655
443 278 9 0 -1 -1 656
444 279 9 1 -1 -1 657
445 280 9 1 -1 -1 658
446 281 9 0 -1 -1 659
447 282 9 0 -1 -1 660
448 282 9 0 -1 -1 661
449 283 9 1 -1 -1 662
450 284 9 0 -1 -1 663
451 284 9 1 -1 -1 664
452 285 9 0 -1 -1 665
453 286 9 1 -1 -1 666
454 286 9 0 -1 -1 667
455 287 9 0 -1 -1 668
456 287 9 0 -1 -1 669
457 288 9 0 -1 -1 670
458 288 9 1 -1 -1 671
459 289 9 0 -1 -1 672
460 290 9 0 -1 -1 673
461 291 9 1 -1 -1 674
462 291 9 1 -1 -1 675
463 292 9 1 -1 -1 676
464 293 9 0 -1 -1 677
465 294 9 0 -1 -1 678
466 294 9 1 -1 -1 679
467 295 9 1 -1 -1 680
468 295 9 1 -1 -1 681
469 296 9 1 -1 -1 682
470 297 9 0 -1 -1 683
471 298 9 1 -1 -1 684
472 299 9 1 -1 -1 685
473 300 9 1 -1 -1 686
474 300 9 1 -1 -1 687
475 301 9 1 -1 -1 688
476 302 9 0 -1 -1 689
477 303 9 0 -1 -1 690
478 303 9 0 -1 -1 691
479 304 9 0 -1 -1 692
480 304 9 0 -1 -1 693
481 305 9 0 -1 -1 694
482 305 9 1 -1 -1 695
483 306 9 0 -1 -1 696
484 307 9 1 -1 -1 697
485 308 9 1 -1 -1 698
486 308 9 1 -1 -1 699
487 309 9 0 -1 -1 700
488 310 9 0 -1 -1 701
489 310 9 0 -1 -1 702
490 311 9 1 -1 -1 703
491 312 9 1 -1 -1 704
492 313 9 1 -1 -1 705
493 313 9 0 -1 -1 706
494 314 9 1 -1 -1 707
495 314 9 1 -1 -1 708
496 315 9 1 -1 -1 709
497 315 9 0 -1 -1 710
498 316 9 1 -1 -1 711
499 316 9 1 -1 -1 712
500 317 9 0 -1 -1 713
501 317 9 1 -1 -1 714
502 318 9 0 -1 -1 715
503 318 9 1 -1 -1 716
504 319 9 0 -1 -1 717
505 320 9 0 -1 -1 718
506 320 9 1 -1 -1 719
507 321 9 1 -1 -1 720
508 322 9 1 -1 -1 721
509 323 9 0 -1 -1 722
510 323 9 0 -1 -1 723
511 324 9 0 -1 -1 724
512 324 9 0 -1 -1 725
513 325 9 0 -1 -1 726
514 325 9 0 -1 -1 727
515 326 9 0 -1 -1 728
516 326 9 1 -1 -1 729
517 327 9 1 -1 -1 730
518 328 9 0 -1 -1 731
519 328 9 0 -1 -1 732
520 329 9 0 -1 -1 733
521 329 9 0 -1 -1 734
522 330 9 1 -1 -1 735
523 331 9 1 -1 -1 736
524 331 9 0 -1 -1 737
525 332 9 1 -1 -1 738
526 333 9 1 -1 -1 739
527 333 9 0 -1 -1 740
528 334 9 0 -1 -1 741
529 335 9 0 -1 -1 742
530 335 9 0 -1 -1 743
531 336 9 0 -1 -1 744
532 336 9 0 -1 -1 745
533 337 9 0 -1 -1 746
534 338 9 1 -1 -1 747
535 339 9 1 -1 -1 748
536 340 9 1 -1 -1 749
537 341 9 1 -1 -1 750
538 341 9 1 -1 -1 751
539 342 9 1 -1 -1 752
540 343 9 1 -1 -1 753
541 343 9 1 -1 -1 754
542 344 9 1 -1 -1 755
543 344 9 1 -1 -1 756
544 345 9 1 -1 -1 757
545 346 9 1 -1 -1 758
546 346 9 1 -1 -1 759
547 347 9 0 -1 -1 760
548 348 9 0 -1 -1 761
549 349 9 0 -1 -1 762
550 350 9 0 -1 -1 763
551 351 9 1 -1 -1 764
552 352 9 0 -1 -1 765
553 353 9 0 -1 -1 766
554 353 9 0 -1 -1 767
555 354 9 1 -1 -1 768
556 355 9 0 -1 -1 769
557 355 9 1 -1 -1 770
558 356 9 0 -1 -1 771
559 356 9 0 -1 -1 772
560 357 9 0 -1 -1 773
561 357 9 0 -1 -1 774
562 358 9 1 -1 -1 775
563 359 9 0 -1 -1 776
564 360 9 0 -1 -1 777
565 361 9 0 -1 -1 778
566 361 9 0 -1 -1 779
567 362 9 1 -1 -1 780
568 362 9 1 -1 -1 781
569 363 9 0 -1 -1 782
570 363 9 1 -1 -1 783
571 364 9 0 -1 -1 784
572 364 9 0 -1 -1 785
573 365 9 0 -1 -1 786
574 366 9 0 -1 -1 787
575 366 9 1 -1 -1 788
576 367 9 1 -1 -1 789
577 368 9 0 -1 -1 790
578 369 9 1 -1 -1 791
579 369 9 0 -1 -1 792
580 370 9 1 -1 -1 793
581 370 9 1 -1 -1 794
582 371 9 1 -1 -1 795
583 371 9 1 -1 -1 796
584 372 9 1 -1 -1 797
585 372 9 0 -1 -1 798
586 373 9 1 -1 -1 799
587 374 9 1 -1 -1 800
588 375 9 1 -1 -1 801
589 376 9 0 -1 -1 802
590 377 9 0 -1 -1 803
591 378 10 -1 -1 -1 -1
592 379 10 -1 -1 -1 -1
593 380 10 -1 -1 -1 -1
594 381 10 -1 -1 -1 -1
595 382 10 -1 -1 -1 -1
596 383 10 -1 -1 -1 -1
597 384 10 -1 -1 -1 -1
598 385 10 -1 -1 -1 -1
599 386 10 -1 -1 -1 -1
600 387 10 -1 -1 -1 -1
601 388 10 -1 -1 -1 -1
602 389 10 -1 -1 -1 -1
603 390 10 -1 -1 -1 -1
604 391 10 -1 -1 -1 -1
605 392 10 -1 -1 -1 -1
606 393 10 -1 -1 -1 -1
607 394 10 -1 -1 -1 -1
608 395 10 -1 -1 -1 -1
609 396 10 -1 -1 -1 -1
610 397 10 -1 -1 -1 -1
611 398 10 -1 -1 -1 -1
612 399 10 -1 -1 -1 -1
613 400 10 -1 -1 -1 -1
614 401 10 -1 -1 -1 -1
615 402 10 -1 -1 -1 -1
616 403 10 -1 -1 -1 -1
617 404 10 -1 -1 -1 -1
618 405 10 -1 -1 -1 -1
619 406 10 -1 -1 -1 -1
620 407 10 -1 -1 -1 -1
621 408 10 -1 -1 -1 -1
622 409 10 -1 -1 -1 -1
623 410 10 -1 -1 -1 -1
624 411 10 -1 -1 -1 -1
625 412 10 -1 -1 -1 -1
626 413 10 -1 -1 -1 -1
627 414 10 -1 -1 -1 -1
628 415 10 -1 -1 -1 -1
629 416 10 -1 -1 -1 -1
630 417 10 -1 -1 -1 -1
631 418 10 -1 -1 -1 -1
632 419 10 -1 -1 -1 -1
633 420 10 -1 -1 -1 -1
634 421 10 -1 -1 -1 -1
635 422 10 -1 -1 -1 -1
636 423 10 -1 -1 -1 -1
637 424 10 -1 -1 -1 -1
638 425 10 -1 -1 -1 -1
639 426 10 -1 -1 -1 -1
640 427 10 -1 -1 -1 -1
641 428 10 -1 -1 -1 -1
642 429 10 -1 -1 -1 -1
643 430 10 -1 -1 -1 -1
644 431 10 -1 -1 -1 -1
645 432 10 -1 -1 -1 -1
646 433 10 -1 -1 -1 -1
647 434 10 -1 -1 -1 -1
648 435 10 -1 -1 -1 -1
649 436 10 -1 -1 -1 -1
650 437 10 -1 -1 -1 -1
651 438 10 -1 -1 -1 -1
652 439 10 -1 -1 -1 -1
653 440 10 -1 -1 -1 -1
654 441 10 -1 -1 -1 -1
655 442 10 -1 -1 -1 -1
656 443 10 -1 -1 -1 -1
657 444 10 -1 -1 -1 -1
658 445 10 -1 -1 -1 -1
659 446 10 -1 -1 -1 -1
660 447 10 -1 -1 -1 -1
661 448 10 -1 -1 -1 -1
662 449 10 -1 -1 -1 -1
663 450 10 -1 -1 -1 -1
664 451 10 -1 -1 -1 -1
665 452 10 -1 -1 -1 -1
666 453 10 -1 -1 -1 -1
667 454 10 -1 -1 -1 -1
668 455 10 -1 -1 -1 -1
669 456 10 -1 -1 -1 -1
670 457 10 -1 -1 -1 -1
671 458 10 -1 -1 -1 -1
672 459 10 -1 -1 -1 -1
673 460 10 -1 -1 -1 -1
674 461 10 -1 -1 -1 -1
675 462 10 -1 -1 -1 -1
676 463 10 -1 -1 -1 -1
677 464 10 -1 -1 -1 -1
678 465 10 -1 -1 -1 -1
679 466 10 -1 -1 -1 -1
680 467 10 -1 -1 -1 -1
681 468 10 -1 -1 -1 -1
682 469 10 -1 -1 -1 -1
683 470 10 -1 -1 -1 -1
684 471 10 -1 -1 -1 -1
685 472 10 -1 -1 -1 -1
686 473 10 -1 -1 -1 -1
687 474 10 -1 -1 -1 -1
688 475 10 -1 -1 -1 -1
689 476 10 -1 -1 -1 -1
690 477 10 -1 -1 -1 -1
691 478 10 -1 -1 -1 -1
692 479 10 -1 -1 -1 -1
693 480 10 -1 -1 -1 -1
694 481 10 -1 -1 -1 -1
695 482 10 -1 -1 -1 -1
696 483 10 -1 -1 -1 -1
697 484 10 -1 -1 -1 -1
698 485 10 -1 -1 -1 -1
699 486 10 -1 -1 -1 -1
700 487 10 -1 -1 -1 -1
701 488 10 -1 -1 -1 -1
702 489 10 -1 -1 -1 -1
703 490 10 -1 -1 -1 -1
704 491 10 -1 -1 -1 -1
705 492 10 -1 -1 -1 -1
706 493 10 -1 -1 -1 -1
707 494 10 -1 -1 -1 -1
708 495 10 -1 -1 -1 -1
709 496 10 -1 -1 -1 -1
710 497 10 -1 -1 -1 -1
711 498 10 -1 -1 -1 -1
712 499 10 -1 -1 -1 -1
713 500 10 -1 -1 -1 -1
714 501 10 -1 -1 -1 -1
715 502 10 -1 -1 -1 -1
716 503 10 -1 -1 -1 -1
717 504 10 -1 -1 -1 -1
718 505 10 -1 -1 -1 -1
719 506 10 -1 -1 -1 -1
720 507 10 -1 -1 -1 -1
721 508 10 -1 -1 -1 -1
722 509 10 -1 -1 -1 -1
723 510 10 -1 -1 -1 -1
724 511 10 -1 -1 -1 -1
725 512 10 -1 -1 -1 -1
726 513 10 -1 -1 -1 -1
727 514 10 -1 -1 -1 -1
728 515 10 -1 -1 -1 -1
729 516 10 -1 -1 -1 -1
730 517 10 -1 -1 -1 -1
731 518 10 -1 -1 -1 -1
732 519 10 -1 -1 -1 -1
733 520 10 -1 -1 -1 -1
734 521 10 -1 -1 -1 -1
735 522 10 -1 -1 -1 -1
736 523 10 -1 -1 -1 -1
737 524 10 -1 -1 -1 -1
738 525 10 -1 -1 -1 -1
739 526 10 -1 -1 -1 -1
740 527 10 -1 -1 -1 -1
741 528 10 -1 -1 -1 -1
742 529 10 -1 -1 -1 -1
743 530 10 -1 -1 -1 -1
744 531 10 -1 -1 -1 -1
745 532 10 -1 -1 -1 -1
746 533 10 -1 -1 -1 -1
747 534 10 -1 -1 -1 -1
748 535 10 -1 -1 -1 -1
749 536 10 -1 -1 -1 -1
750 537 10 -1 -1 -1 -1
751 538 10 -1 -1 -1 -1
752 539 10 -1 -1 -1 -1
753 540 10 -1 -1 -1 -1
754 541 10 -1 -1 -1 -1
755 542 10 -1 -1 -1 -1
756 543 10 -1 -1 -1 -1
757 544 10 -1 -1 -1 -1
758 545 10 -1 -1 -1 -1
759 546 10 -1 -1 -1 -1
760 547 10 -1 -1 -1 -1
761 548 10 -1 -1 -1 -1
762 549 10 -1 -1 -1 -1
763 550 10 -1 -1 -1 -1
764 551 10 -1 -1 -1 -1
765 552 10 -1 -1 -1 -1
766 553 10 -1 -1 -1 -1
767 554 10 -1 -1 -1 -1
768 555 10 -1 -1 -1 -1
769 556 10 -1 -1 -1 -1
770 557 10 -1 -1 -1 -1
771 558 10 -1 -1 -1 -1
772 559 10 -1 -1 -1 -1
773 560 10 -1 -1 -1 -1
774 561 10 -1 -1 -1 -1
775 562 10 -1 -1 -1 -1
776 563 10 -1 -1 -1 -1
777 564 10 -1 -1 -1 -1
778 565 10 -1 -1 -1 -1
779 566 10 -1 -1 -1 -1
780 567 10 -1 -1 -1 -1
781 568 10 -1 -1 -1 -1
782 569 10 -1 -1 -1 -1
783 570 10 -1 -1 -1 -1
784 571 10 -1 -1 -1 -1
785 572 10 -1 -1 -1 -1
786 573 10 -1 -1 -1 -1
787 574 10 -1 -1 -1 -1
788 575 10 -1 -1 -1 -1
789 576 10 -1 -1 -1 -1
790 577 10 -1 -1 -1 -1
791 578 10 -1 -1 -1 -1
792 579 10 -1 -1 -1 -1
793 580 10 -1 -1 -1 -1
794 581 10 -1 -1 -1 -1
795 582 10 -1 -1 -1 -1
796 583 10 -1 -1 -1 -1
797 584 10 -1 -1 -1 -1
798 585 10 -1 -1 -1 -1
799 586 10 -1 -1 -1 -1
800 587 10 -1 -1 -1 -1
801 588 10 -1 -1 -1 -1
802 589 10 -1 -1 -1 -1
803 590 10 -1 -1 -1 -1
